7 0.80761095 0.6623970671875 0.78548839375 0.6616312140625 0.7295582520833332 0.6868881265625 0.7257707083333333 0.6998127984375 0.71526384375 0.7067881218750001 0.7073663625 0.7206520609375 0.6794193645833333 0.7366030296875 0.6679121291666666 0.748796940625 0.6651611083333333 0.7631480546875 0.6790999395833333 0.7724374640625 0.6868196333333334 0.7731682281250001 0.7211635541666667 0.7511812 0.7458231916666667 0.7455456109374999 0.7824540979166666 0.7184617921875 0.8186209708333333 0.70063229375 0.8197991333333333 0.6808190015625 0.8092199625000001 0.6745042703124999 0.80761095 0.6623970671875
7 0.6981733520833333 0.5909346765625 0.6778737458333333 0.594326353125 0.6751227270833334 0.6086774687500001 0.6795550625 0.6197236125 0.7206906083333333 0.6169759921875 0.7641854458333334 0.6224216375 0.8237976458333333 0.6121248125000001 0.8721888520833333 0.6193622765625 0.8863777770833334 0.6273470390625 0.9254764291666666 0.6283915640625 0.9481321708333332 0.6127087421875 0.9541680354166666 0.5812217390625001 0.9357663833333334 0.581546075 0.925009425 0.58982604375 0.9172897333333334 0.5890952796875 0.9100340708333333 0.57911019375 0.8945946854166666 0.5776486656250001 0.8676480604166666 0.5883810484375 0.8545318125 0.58846775625 0.85102754375 0.5589129671874999 0.8278684604166667 0.556720675 0.7469201354166667 0.5689827375000001 0.7122538187499999 0.5789843546875 0.6981733520833333 0.5909346765625
7 0.8301376250000001 0.2647048234375 0.8054779895833334 0.2703404125 0.7475802875 0.26485968125000003 0.7340723083333334 0.287490765625 0.7330719354166667 0.2927093515625 0.7822857270833333 0.309322934375 0.8016572645833333 0.3244399015625 0.8796767812499999 0.3411236578125 0.9002626333333333 0.3430723625 0.9228492229166666 0.334583890625 0.9245637208333334 0.3188063359375 0.9324973541666667 0.3115874234375 0.9323888979166667 0.291652340625 0.9194865895833334 0.2837893734375 0.8582292270833333 0.275333965625 0.8301376250000001 0.2647048234375
7 0.7560472854166667 0.21385666250000002 0.7276001083333333 0.23241692343749998 0.7014037625 0.239235365625 0.63889890625 0.2851230375 0.6102739354166666 0.318278003125 0.6137059020833333 0.334542734375 0.6245351645833334 0.339552821875 0.6310405458333334 0.353451846875 0.6580233229166667 0.3493644921875 0.7335721229166666 0.290100059375 0.7506537041666667 0.262493975 0.7985417541666667 0.22452089218750002 0.8002201 0.2020983078125 0.7896409291666667 0.1957835765625 0.7737013583333333 0.1969313390625 0.7560472854166667 0.21385666250000002
7 0.49343903958333335 0.25807025625 0.47935857291666667 0.27002057968750004 0.47946702916666667 0.2899556640625 0.4712833020833333 0.298479221875 0.46956880208333335 0.31425677812499997 0.56921069375 0.33431567812499996 0.6123831354166666 0.32777591250000004 0.6107741229166667 0.3156687078125 0.6307151791666666 0.29364659375 0.6059832354166667 0.285992128125 0.5938312083333332 0.27421521875 0.5595927729166666 0.26831748593750004 0.5379342479166667 0.2582973140625 0.49343903958333335 0.25807025625
7 0 0.5666830203125001 0.06233812291666666 0.579892925 0.09450351458333334 0.5829377765625 0.13999909375000003 0.5779462453125 0.15515223541666667 0.574067390625 0.16076273125 0.5653002453125 0.11851836041666666 0.5533313671875 0.10690266666666666 0.5455901937500001 0.10375694583333334 0.5346658421875 0.03917607083333333 0.5298807890624999 0.024200718750000003 0.5191649390624999 0.006974533333333334 0.5201909109375 0 0.5335292984375 0 0.5666830203125001
7 0.1971707875 0.4027065703125 0.17998075 0.41037756875 0.18395202291666665 0.47849787812500005 0.17387601041666667 0.51739369375 0.18009514583333336 0.525952340625 0.18553082499999998 0.579599740625 0.19232245208333335 0.5988391484375 0.21684045208333333 0.6144432906249999 0.22456014375000002 0.615174053125 0.24450120208333334 0.5931519390625 0.24771625625 0.5695465046875 0.23820678958333333 0.5234833953125 0.23698950625 0.48883181562500005 0.22458738541666667 0.47835955312499995 0.20696352499999998 0.406290215625 0.1971707875 0.4027065703125
7 0.17471097916666667 0.1508560953125 0.18504005625 0.158475475 0.19733372083333334 0.14901265156250001 0.19883427916666668 0.141184771875 0.21116409791666665 0.13836697656250002 0.21795275416666668 0.10978654218749999 0.19668596041666667 0.077221990625 0.18946645208333335 0.07388193125 0.16534315 0.0835532546875 0.15719557291666666 0.098721840625 0.13589559791666667 0.10733210625 0.11720500625000001 0.1228309859375 0.08357818333333333 0.1820788875 0.040872745833333335 0.22718417500000002 0.033261508333333335 0.2463884953125 0.040267075 0.25767822812499996 0.06106686458333333 0.25167725625 0.06975077708333334 0.24054440625 0.10284423541666668 0.2250806125 0.11281476458333332 0.2140695546875 0.14565812916666668 0.199910409375 0.14933721458333335 0.1670506515625 0.16288134791666667 0.15106459375 0.17471097916666667 0.1508560953125
7 0.31216490625 0.171837728125 0.30848284791666664 0.15687764375 0.2868966291666667 0.1601475265625 0.27306625416666663 0.1707932015625 0.22489492708333333 0.251245746875 0.21428257916666665 0.286105828125 0.22010998333333334 0.3172088515625 0.228115925 0.32327999531249996 0.2690707104166667 0.2873072359375 0.29219067083333333 0.2350346578125 0.30627113749999996 0.22308433593750002 0.3216743729166666 0.21790083437500002 0.3306083791666667 0.20546333906249997 0.33096395624999997 0.17627393281249998 0.32424463333333337 0.1703245796875 0.31216490625 0.171837728125
7 0.31723558958333337 0.6784080953125 0.30851552708333335 0.6828959171875 0.29540224583333335 0.7308024671875 0.28940299166666666 0.8099338328125001 0.30387816041666665 0.8232589765625 0.31338465625 0.821502240625 0.31720835 0.8152225953125001 0.3280376125 0.82023268125 0.3377580479166667 0.8105262703125 0.3488676145833333 0.7252370531250001 0.3402530354166667 0.7018401171875001 0.32470518958333333 0.6804435046874999 0.31723558958333337 0.6784080953125
7 0.37034537916666666 0.7020320859375 0.34321799583333334 0.6795393265625 0.3275285145833333 0.6793824468749999 0.32549162083333333 0.68317459375 0.34700850833333335 0.7144344968749999 0.34994028958333334 0.733308521875 0.3957612354166667 0.7881222421875 0.4163470833333333 0.790070946875 0.4224577666666667 0.7786945078125 0.43375106041666667 0.7744502734375 0.43575180208333336 0.7640130984375 0.4188450416666667 0.7292046359375 0.4054425479166667 0.7239509609375 0.39736430625 0.704589759375 0.37034537916666666 0.7020320859375
7 0.45297255416666665 0.10015435156250001 0.4405011 0.12421187812500001 0.42459767916666663 0.13200467031250002 0.42216905416666667 0.1583411953125 0.44954653125 0.17952930625000002 0.4514779395833333 0.20362191875 0.4700992 0.222652825 0.46963516666666666 0.23190714687499997 0.48128701041666666 0.24629335000000002 0.4960122708333333 0.2583138453125 0.5163480270833333 0.261567196875 0.5292141833333334 0.2627851375 0.5353610166666667 0.258053725 0.5277829604166667 0.2360832296875 0.5273521083333333 0.2041627375 0.5162366020833333 0.19381227031249998 0.48338729583333334 0.1123317296875 0.4663388958333333 0.0987629984375 0.45297255416666665 0.10015435156250001
7 0.44815442916666665 0.20729227187500002 0.43943436458333335 0.21178009531250003 0.42410343333333334 0.23025365 0.39819333333333334 0.2424124734375 0.3551655 0.2755323515625 0.34165752083333334 0.29816343437500004 0.30120292083333333 0.33152689999999996 0.314463775 0.3580203078125 0.36292431458333335 0.3307279875 0.39476731041666663 0.321787428125 0.47085244791666664 0.2665587265625 0.4828237166666666 0.2451104953125 0.47067168750000005 0.2333335875 0.4734588604166667 0.2256275015625 0.46077049375 0.2098148578125 0.44815442916666665 0.20729227187500002
7 0.3314428416666667 0.4061188265625 0.32851403333333334 0.43506464375 0.3445259083333333 0.44720693437500003 0.4147172791666666 0.4432248421875 0.4437369479166666 0.4353453421875 0.4553858229166667 0.40191170156249995 0.45038099374999996 0.38018479374999997 0.4212890208333333 0.3747742390625 0.37250608333333335 0.3900811515625 0.3432001708333334 0.39262026875 0.3314428416666667 0.4061188265625
7 0.0486315625 0.28237981093750003 0.08226432708333334 0.3187715953125 0.10664068958333334 0.35561546875 0.13476844375 0.3728896390625 0.17201096458333334 0.41095145312500003 0.19770712291666664 0.40674230468749994 0.20410405 0.4007062453125 0.18369598958333333 0.384162840625 0.15138302083333333 0.306718034375 0.10162992291666666 0.2382488765625 0.0856542 0.23275161249999998 0.044126922916666665 0.258043609375 0.0486315625 0.28237981093750003
7 0.016259041666666665 0.253081009375 0.002215372916666667 0.326341946875 0.048065014583333336 0.367338734375 0.07537018541666667 0.3752367890625 0.13373489166666666 0.41928304218749995 0.14041806458333334 0.418587365625 0.15499871666666667 0.40402775 0.15728570416666668 0.39893095624999997 0.15210309166666666 0.3917987515625 0.13244530625 0.3713414046875 0.10767721250000001 0.357041909375 0.04498565625 0.274064753125 0.021468027083333334 0.2532420234375 0.016259041666666665 0.253081009375
7 0.27865842083333336 0.4423000859375 0.2759074 0.45665120156250005 0.2638638291666667 0.464809378125 0.26236327083333333 0.4726372578125 0.27115563958333333 0.481439490625 0.26944114166666666 0.4972170453125 0.2900631416666667 0.5058107781250001 0.35103426249999997 0.508925803125 0.3661512520833333 0.49840192187500004 0.39906692083333334 0.49753283281250005 0.4061779729166667 0.48093780625000004 0.4027821583333333 0.4713181015625 0.3829465875 0.46545545625000007 0.3573920666666667 0.448424875 0.27865842083333336 0.4423000859375
7 0.4186494291666667 0.45688028125 0.4045689625 0.4688306015625 0.40878735625 0.487826421875 0.45539176249999996 0.4975513875 0.47887324166666667 0.5117290890625 0.5195447541666667 0.5182357890625 0.55685660625 0.521767815625 0.5671133791666667 0.5160971421875 0.56961430625 0.503050671875 0.5643593854166667 0.4826284125 0.5490977895833333 0.4665721828125 0.49502378124999996 0.45481180625000006 0.44541826458333333 0.4607426015625 0.4186494291666667 0.45688028125
7 0.45032057291666666 0.5581741109375 0.46961980833333333 0.5600010203125 0.48845500833333333 0.5710822515625 0.5010349208333333 0.5669598109375 0.5025354770833333 0.5591319312499999 0.4816965645833333 0.5106680296875 0.45564185416666664 0.496246740625 0.40392713958333337 0.492679628125 0.40099833125 0.52162544375 0.40489432708333334 0.5286358546875001 0.45032057291666666 0.5581741109375
7 0.3671214125 0.5821779921875 0.39907286249999996 0.59317251875 0.40554209375 0.6004265156249999 0.43820766666666666 0.600862071875 0.45393329791666664 0.6076639828125 0.46754973333333333 0.6049679828125 0.4749108791666667 0.587068309375 0.45761238541666666 0.5748042234375 0.4358454083333333 0.5448489671875001 0.3866316166666667 0.5282353859375 0.3632947479166667 0.540637796875 0.3575426145833333 0.570644671875 0.3671214125 0.5821779921875
7 0.77360775625 0.416095471875 0.7581683666666666 0.4146339453125 0.7101718604166667 0.43267194375000007 0.6813661333333333 0.43260176875 0.6639260041666667 0.441577415625 0.6328332875 0.44660403437499996 0.6243994708333334 0.45643223749999995 0.5982031229166667 0.4632506796875 0.5874461666666666 0.4715306484375 0.5859456083333333 0.47935852968750003 0.5952743145833334 0.492196496875 0.5920592604166667 0.515801934375 0.5977420583333333 0.52032484375 0.6136816333333334 0.519177078125 0.6611418041666667 0.497103346875 0.6955580270833334 0.488406375 0.7206455458333333 0.46687143593749997 0.7801854416666667 0.443284553125 0.7852957520833334 0.437126703125 0.7847232604166667 0.42644593906250006 0.77360775625 0.416095471875
7 0.15590845416666665 0.6657931359375 0.1510843895833333 0.67729136875 0.17560238958333332 0.6928955125 0.18804066458333332 0.7100128015625 0.24268716041666666 0.732453940625 0.27738962916666665 0.7290973515625 0.28936089791666664 0.70764911875 0.2859289354166667 0.6913843875000001 0.27559985625 0.6837650078124999 0.22384898958333332 0.6735528656249999 0.20758702083333333 0.662715221875 0.16923864583333334 0.6577567546875 0.15590845416666665 0.6657931359375
7 0.34617404583333333 0.5137790078125 0.32998437708333334 0.5162314203125 0.34034960833333333 0.5304958296875 0.33431122916666667 0.5551623234374999 0.3071506666666667 0.57384438125 0.29654128333333335 0.6565243062499999 0.2994730666666667 0.67539833125 0.30722890833333333 0.6827741234375 0.3169854979166667 0.679712740625 0.3329612208333333 0.685210003125 0.3480782145833333 0.674686121875 0.3516156645833333 0.6630660953125 0.36408414791666666 0.5911887265625 0.35257393958333333 0.55556279375 0.3541799854166667 0.5198501546875 0.34617404583333333 0.5137790078125
7 0.27679337499999995 0.33585784375 0.2626406041666667 0.334518109375 0.2536704458333333 0.3403105796875 0.2478821625 0.363672428125 0.2680431 0.42934032499999997 0.2814817458333333 0.44123902812500004 0.3239400604166667 0.44525822968749995 0.330514775 0.42462746874999996 0.32804702708333333 0.39649912187499997 0.320541275 0.3878186828125 0.3113180541666667 0.34709595625 0.29862968958333336 0.3312833140625 0.28522719583333334 0.32602963906250004 0.27679337499999995 0.33585784375
7 0.2533871729166667 0.3827900421875 0.2546376354166667 0.3762668078125 0.2631437583333333 0.379728659375 0.2638940375 0.37581471875 0.251277975 0.37329213125 0.24988290416666667 0.3532352546875 0.25853066458333335 0.335457375 0.28065322291666667 0.336223225 0.28855070416666667 0.3223592859375 0.2753621520833333 0.30915593750000003 0.26299618333333336 0.3053287046875 0.24759294583333336 0.310512203125 0.23841181875 0.37207419218750004 0.22265300416666667 0.406447096875 0.22144166458333334 0.467435203125 0.22898357083333334 0.48276066875 0.23620307708333332 0.48610072656250003 0.2534292645833333 0.48507475468749994 0.26136290208333335 0.4778558453125 0.26565062916666665 0.4623218765625 0.2746207854166667 0.45652940781250007 0.27508481875 0.447275084375 0.26368306666666663 0.43158423749999997 0.2692935645833333 0.422817090625 0.2533871729166667 0.3827900421875
7 0.8271092708333333 0.41717508593749997 0.8258588083333334 0.4236983203125 0.8372244104166667 0.432744140625 0.8262896604166666 0.4556188125 0.8335814729166666 0.47224892656249995 0.8228245145833333 0.480528896875 0.8390533020833334 0.5325413546875 0.8455225333333334 0.5397953546875 0.8604255833333333 0.5372211484375 0.8710740833333334 0.5090060937499999 0.8829368979166666 0.46762277812499997 0.8880442395833333 0.41364508281249995 0.8819667395833334 0.38384670625 0.8500514416666667 0.37949720937500003 0.8380078666666667 0.3876553859375 0.8271092708333333 0.41717508593749997
7 0.5909444916666666 0.40544575 0.5723593854166666 0.393059871875 0.5668543729166667 0.37394225937500003 0.5696415458333333 0.366236171875 0.59833881875 0.3463712625 0.6003395583333333 0.3359340875 0.5897603916666667 0.329619353125 0.5753936770833333 0.3362292953125 0.5486609958333334 0.3390120015625 0.5415499437500001 0.3556070296875 0.5534910020833333 0.42315345625 0.550990075 0.4361999234375 0.5621778854166667 0.45984044687500003 0.5743690375 0.5260822265625 0.5885218104166667 0.5274219609374999 0.6028885229166666 0.5208120203125 0.5920592604166667 0.515801934375 0.5833723770833333 0.479114940625 0.5846228416666667 0.47259170624999997 0.6010264458333333 0.4621896203125 0.6101020895833333 0.4285123921875 0.5909444916666666 0.40544575
7 0.4104746125 0.6088633671875 0.3983225833333333 0.5970864578125 0.37491341041666665 0.5961988140625001 0.3610830354166667 0.6068444890625 0.35550869166666665 0.6222566625 0.3571538541666667 0.64100889375 0.3669827458333333 0.6512375671874999 0.3862819791666666 0.653064478125 0.3991119854166667 0.6476373890625 0.41869746458333335 0.65480468125 0.45207716458333336 0.64468126875 0.4594383104166667 0.6267815953125 0.42691437083333333 0.605106309375 0.41662144791666667 0.6041319578125 0.4104746125 0.6088633671875
7 0.37084259375 0.65160295 0.3496149208333333 0.6735032703125 0.34990116666666665 0.67884365 0.38010196458333334 0.698970703125 0.4102304625 0.7058077 0.4337119416666667 0.7199854015625 0.45529816041666665 0.71671551875 0.46090865625 0.707948375 0.4526164729166667 0.6965368453125 0.43921397916666666 0.691283171875 0.41794718541666664 0.6587186203125001 0.4032219229166667 0.646698125 0.38499536458333333 0.6529426843749999 0.37084259375 0.65160295
7 0.28281936458333334 0.6871050656250001 0.2888245625 0.7036133859375 0.27713953541666664 0.7304019984375001 0.25401660833333334 0.7348547328125 0.25794875833333336 0.748510171875 0.25230508125 0.79845213125 0.25956074166666665 0.8084372171875 0.2762505895833333 0.8033755125 0.29547455208333334 0.7440925234375 0.30801534166666666 0.6855052109375 0.30025949375 0.67812941875 0.2960049479166667 0.652488571875 0.2641619520833333 0.66142913125 0.26577096666666666 0.6735363343749999 0.28281936458333334 0.6871050656250001
7 0.3653618520833334 0.447850990625 0.3785504041666667 0.46105434062499995 0.4001727770833333 0.4644294859375 0.4281559229166667 0.4551235453125 0.4734375604166667 0.4580816875 0.5145369562500001 0.448689040625 0.5198973604166667 0.4412265421875 0.5160706958333333 0.3996863453125 0.47032502291666667 0.40598252187500006 0.4417000541666667 0.43913748906250005 0.3653618520833334 0.447850990625
7 0.1797217458333333 0.2682226875 0.1718242625 0.2820866265625 0.15509826041666666 0.2805033046875 0.15177475208333335 0.28417365625 0.15166926666666666 0.31205841562500003 0.18240937291666667 0.384041046875 0.20410405 0.4007062453125 0.21890161458333332 0.4260167984375 0.22454826249999998 0.4238946828125 0.22669064166666666 0.3922177765625 0.23741144791666666 0.37729277968749997 0.24084044166666668 0.3457376671875 0.22164669374999998 0.3160259984375 0.21739214583333333 0.2903851515625 0.20960014791666665 0.27636433125000004 0.1797217458333333 0.2682226875
7 0.24682434166666667 0.5947001734375 0.27613025416666664 0.5921610562499999 0.32151737708333333 0.5672344390624999 0.3358479395833333 0.553979471875 0.3398132708333333 0.52646009375 0.32326505625 0.5102820703125001 0.29935569791666666 0.5120037171875 0.25200398333333335 0.5540125359375 0.24682434166666667 0.5947001734375
7 0.22120345416666665 0.6600192218750001 0.22870920833333336 0.668699659375 0.2641619520833333 0.66142913125 0.30004258333333333 0.6382592500000001 0.3046858895833333 0.5935358765625 0.3010399833333333 0.5852208203125 0.2763803458333333 0.590856409375 0.25668938333333335 0.6115738765625001 0.23885752291666668 0.6430939015625 0.22120345416666665 0.6600192218750001
7 0.7190756541666666 0.509229103125 0.7193980520833333 0.5212145125000001 0.7063541083333333 0.534591275 0.6871271770833334 0.5460544203125 0.6652908645833333 0.5506289515625 0.6255503895833333 0.57343345 0.6076823770833334 0.5983084453124999 0.6095414833333332 0.6091110015625001 0.6200845 0.6087807062499999 0.6562513729166667 0.5909512078125 0.7099306791666666 0.5774361203125 0.7422377083333332 0.5592412390625 0.7632152875 0.538645565625 0.7651437249999999 0.514918334375 0.7496681854166667 0.506811778125 0.7190756541666666 0.509229103125
7 0.6180416645833334 0.5169331671874999 0.5952772833333333 0.540016340625 0.5826973708333333 0.54413878125 0.5728352999999999 0.575084921875 0.5772314833333334 0.5794860390625 0.59910395 0.5815565359375 0.700207275 0.5393226859375 0.7188978645833333 0.52382380625 0.7136791 0.510046575 0.7172165520833332 0.49842654687500004 0.7019911041666667 0.48901534375000005 0.6778316541666667 0.49204163906250004 0.6180416645833334 0.5169331671874999
7 0.7498836291666666 0 0.7474931291666667 0.012470409375 0.7349855208333334 0.029882907812499998 0.7136885166666667 0.086313015625 0.6991440166666667 0.1075176578125 0.6776330708333334 0.171897440625 0.67091671875 0.2137679328125 0.6766356708333333 0.2249358703125 0.6951484729166667 0.2240316921875 0.7018677958333334 0.22998104375 0.7108741041666666 0.23083360156250002 0.7226675854166668 0.2239800734375 0.7328520541666667 0.2050193421875 0.767798675 0.10471841875000001 0.7649030479166666 0.0924894203125 0.7862173479166666 0 0.7498836291666666 0
7 0.17238784166666665 0.149307859375 0.16441805416666666 0.1498817421875 0.14780050625 0.1682335046875 0.14744789791666665 0.24524275156250003 0.1535254 0.2750411296875 0.17436134374999998 0.2756851859375 0.18229497708333334 0.26846627343749996 0.20906381041666666 0.272328596875 0.21835042500000001 0.1828818484375 0.20094347499999998 0.1506826796875 0.19168707291666667 0.1511347703125 0.18375343958333332 0.15835368125 0.17238784166666665 0.149307859375
7 0.056468625 0.4465051875 0.033559635416666664 0.44300824843750003 0.0181564 0.4481917484375 0.007399441666666667 0.45647171875000003 0.004362177083333333 0.4654824515625 0.009294697916666667 0.473919303125 0.00783029375 0.48839221093749996 0.018445616666666668 0.5013519718749999 0.039281558333333334 0.50199603125 0.04592857708333333 0.4946553265625 0.10915052916666666 0.48602852968750004 0.11061493541666666 0.4715556203125 0.09817666041666667 0.4544383296875 0.10732460625 0.4340511578125 0.09188521875000001 0.43258962968750003 0.056468625 0.4465051875
7 0.09764032291666667 0.4504025953125 0.09949942708333334 0.46120515156249997 0.11479717916666667 0.48390641093750003 0.1312730875 0.48679438125 0.16669265416666665 0.5206986640625 0.1756989625 0.5215512234374999 0.18248761666666666 0.4929707875 0.18073399791666667 0.454283471875 0.14996070833333333 0.4234756578125 0.1260152 0.41855227812500007 0.12015460833333333 0.42862407031250005 0.10425118958333333 0.4364168640625 0.09764032291666667 0.4504025953125
7 0.3345766791666666 0.225763803125 0.3217466770833333 0.23119089218750002 0.31399083125 0.2238151 0.30473442916666665 0.22426718750000002 0.28811688124999996 0.24261895 0.27514524166666665 0.26928576875 0.2712160604166666 0.3034501734375 0.29112393541666665 0.32260287499999996 0.3168200958333333 0.318393728125 0.33136459583333333 0.2971890828125 0.34112118541666664 0.2941277015625 0.3405486958333333 0.2834469375 0.35327024166666665 0.2580847671875 0.34290501458333333 0.2438203578125 0.3436191416666666 0.233261390625 0.3345766791666666 0.225763803125
7 0.5909415229166667 0.35762590781250003 0.5676046520833334 0.37002831875000003 0.5666042833333333 0.3752469046875 0.5738960916666667 0.39187701875 0.62793691875 0.44481220937500004 0.6487728604166667 0.44545626718750003 0.6754693916666666 0.43602853281250004 0.6797932708333333 0.42713959375000005 0.6633866958333333 0.3897218375 0.6548805708333333 0.3862599859375 0.6268944520833333 0.347746084375 0.6054860208333334 0.3364212625 0.5909415229166667 0.35762590781250003
7 0.6688194020833333 0.39554939375 0.72675325625 0.40767515468750004 0.7483394791666667 0.40440526875 0.7648124166666667 0.3594733953125 0.7570565708333333 0.3520976046875 0.68032366875 0.33553564062499996 0.63775986875 0.359401196875 0.6373319875 0.3753005484375 0.6473748208333333 0.377579546875 0.6688194020833333 0.39554939375
7 0 0.43510754843750005 0.0023946145833333337 0.43474481249999997 0.0063961 0.4138704625 0.0018523374999999999 0.3350693921875 0.0011159270833333334 0.3320773734375 0 0.33789877343749997 0 0.43510754843750005