10 0.4141689375 0.631156334375 0.4237057229166667 0.6243443453124999 0.46457765625 0.6202571531250001 0.53133515 0.62570674375 0.5476839229166667 0.6107203671875 0.608991825 0.526251703125 0.6198910083333333 0.499003746875 0.6144414166666666 0.4744805859375 0.59809264375 0.4567694140625 0.5367847416666667 0.413172684375 0.5204359666666667 0.413172684375 0.4523160770833333 0.4390582421875 0.4155313333333333 0.43088385625000003 0.37329700208333333 0.3436903953125 0.3664850145833333 0.34232799687500004 0.2738419625 0.4649438015625 0.26839237083333334 0.5044533375 0.2738419625 0.51671491875 0.2861035416666667 0.5276141015625 0.31743869166666666 0.5385132828125 0.33514986458333335 0.5698484328125 0.4141689375 0.631156334375
10 0.4986376020833333 0.6188947546875 0.4795640333333333 0.6188947546875 0.42779291458333335 0.6229819484375 0.39100817499999996 0.6447803140625 0.328337875 0.6515923031249999 0.30926430416666667 0.6611290875 0.29972752083333337 0.68020265625 0.29972752083333337 0.710175409375 0.29291553125 0.7306113765625 0.3024523145833333 0.760584128125 0.3024523145833333 0.7851072890624999 0.6512261583333333 0.7851072890624999 0.640326975 0.6597666890625 0.6253405999999999 0.6393307218750001 0.6130790187499999 0.63388113125 0.53133515 0.635243528125 0.5054495895833333 0.6270691421875 0.4986376020833333 0.6188947546875
10 0.23569482291666669 0.670665871875 0.2574931875 0.678840259375 0.29972752083333337 0.674753065625 0.33923705833333334 0.6447803140625 0.34877384166666664 0.6243443453124999 0.34741144375000005 0.59437159375 0.32288828333333336 0.543962875 0.3038147145833333 0.5317012937500001 0.2765667583333334 0.526251703125 0.24795640208333333 0.5357884875 0.2111716625 0.5657612390625 0.20163487708333333 0.5821100140625 0.19754768541666667 0.603908378125 0.20027247916666668 0.62570674375 0.21389645833333332 0.6515923031249999 0.23569482291666669 0.670665871875
10 0 0.56303644375 0.016348772916666667 0.5521372609374999 0.034059945833333334 0.5521372609374999 0.17711171666666664 0.588922003125 0.23841961875 0.5357884875 0.26158038125 0.48537976875 0.2861035416666667 0.45268222031249994 0.2888283375 0.436333446875 0.25204359791666664 0.3886495234375 0.17302452291666667 0.30690565468750003 0.15395095208333334 0.2946440734375 0.13487738541666666 0.293281675 0.13215258958333334 0.2769329015625 0.06539509583333333 0.26603371875000004 0.058583106249999996 0.2592217296875 0.0544959125 0.2387857625 0.034059945833333334 0.215625 0 0.215625 0 0.56303644375
10 0.34332425 0.237423365625 0.3405994541666667 0.225161784375 0.328337875 0.215625 0.08038147083333333 0.215625 0.06675749375 0.252409740625 0.05994550416666666 0.2551345375 0.06675749375 0.2673961171875 0.27247956458333333 0.2946440734375 0.31471389791666665 0.2905568796875 0.34332425 0.237423365625
10 0.3378746583333333 0.35595197500000003 0.3405994541666667 0.3205296328125 0.32288828333333336 0.2864696859375 0.3024523145833333 0.293281675 0.27247956458333333 0.293281675 0.21934604791666665 0.2864696859375 0.21934604791666665 0.3450527921875 0.23160762916666666 0.3654887609375 0.25204359791666664 0.381837534375 0.26839237083333334 0.385924728125 0.30108991874999996 0.38319993124999996 0.32425068125 0.3709383515625 0.3378746583333333 0.35595197500000003
10 0.3719346041666666 0.3436903953125 0.4073569479166667 0.418622275 0.42643051666666665 0.436333446875 0.4577656666666667 0.4390582421875 0.5095367833333333 0.41453508125000005 0.5517711166666667 0.409085490625 0.5762942770833334 0.39137431875 0.577656675 0.3763879421875 0.6076294291666666 0.377750340625 0.6689373291666667 0.3491399859375 0.6825613083333334 0.3327912125 0.6825613083333334 0.30690565468750003 0.6321525895833333 0.215625 0.3460490479166667 0.215625 0.3405994541666667 0.2483225484375 0.32697547708333335 0.2769329015625 0.34877384166666664 0.2987312671875 0.3705722083333333 0.2987312671875 0.36784741041666663 0.3314288140625 0.3719346041666666 0.3436903953125
10 0 0.7851072890624999 0.16348773958333332 0.7851072890624999 0.17029972916666666 0.7129002046874999 0.18392370624999999 0.6856522484375 0.18664850208333333 0.662491484375 0.18801089791666667 0.616169959375 0.17983651250000002 0.5957339921875 0.15531335208333333 0.580747615625 0.02043596666666667 0.5507748640625 0 0.56303644375 0 0.7851072890624999
10 0.6907356958333334 0.404998296875 0.5871934604166668 0.44587023124999997 0.6144414166666666 0.4731181875 0.6198910083333333 0.5044533375 0.6076294291666666 0.530338896875 0.5517711166666667 0.6052707765625 0.5517711166666667 0.6120827656250001 0.577656675 0.6148075609375 0.5899182562499999 0.631156334375 0.6130790187499999 0.635243528125 0.6348773854166667 0.6515923031249999 0.6416893729166666 0.68020265625 0.6498637604166666 0.7851072890624999 0.7983651229166667 0.7851072890624999 0.8065395104166666 0.7673961171875 0.8024523166666667 0.725161784375 0.7874659416666667 0.678840259375 0.7356948229166667 0.4390582421875 0.7193460479166667 0.41044788906249996 0.6907356958333334 0.404998296875
10 1 0.47175579062499995 0.9523160770833333 0.46903099531250003 0.7452316083333332 0.4744805859375 0.7438692104166668 0.49491655312500005 0.7670299729166667 0.5970963890625 0.7779291541666667 0.6420555171875 0.7888283375 0.6638538828125 0.8119891020833333 0.6679410765625 1 0.65704189375 1 0.47175579062499995
10 0.80108991875 0.4622190046875 0.8351498645833334 0.47175579062499995 0.8651226166666667 0.4649438015625 0.8814713895833334 0.45268222031249994 0.9114441416666667 0.40363589843750003 0.9155313333333334 0.3763879421875 0.9059945500000001 0.3477775890625 0.8828337875 0.32189202968749997 0.8487738416666667 0.30554325625 0.828337875 0.3041808578125 0.8051771104166666 0.3123552453125 0.7643051770833333 0.3477775890625 0.7547683916666668 0.3641263625 0.7534059958333333 0.385924728125 0.76158038125 0.4158974796875 0.7792915541666667 0.44178303750000003 0.80108991875 0.4622190046875
10 0.9291553145833333 0.678840259375 0.9059945500000001 0.7169873984375 0.8692098104166667 0.7469601499999999 0.8337874645833333 0.7469601499999999 0.8365122604166667 0.7633089234375 0.8487738416666667 0.7851072890624999 0.97275204375 0.7851072890624999 0.98092643125 0.7782953 0.9931880104166667 0.7537721390625001 0.9918256125 0.71153780625 0.9795640333333334 0.6870146453125 0.9482288833333333 0.6665786781249999 0.9291553145833333 0.678840259375
10 0.6471389645833334 0.3981863078125 0.7452316083333332 0.338240803125 0.7547683916666668 0.31644243906249997 0.7247956395833334 0.26875851562499997 0.6798365125 0.215625 0.6307901895833333 0.215625 0.6839237062500001 0.3123552453125 0.6811989104166667 0.3355160078125 0.6702997291666667 0.3477775890625 0.6144414166666666 0.373663146875 0.6280653958333333 0.3940991140625 0.6471389645833334 0.3981863078125
10 0.90190735625 0.34232799687500004 0.9168937333333333 0.385924728125 0.9591280645833333 0.44450783437499997 0.9782016333333333 0.4663061984375 0.9986376020833333 0.46903099531250003 1 0.373663146875 0.8814713895833334 0.319167234375 0.90190735625 0.34232799687500004
10 1 0.215625 0.7506811979166667 0.215625 0.7697547687499999 0.2455977515625 0.7779291541666667 0.2728457078125 0.7929155312499999 0.283744890625 0.9237057208333332 0.3355160078125 1 0.3750255453125 1 0.215625