7 0.19901059791666667 0.45461448437499996 0.16595435416666668 0.44817196875 0.10262837916666667 0.46687420468749996 0.03767552916666667 0.497199534375 0.04928042916666667 0.65034806875 0.053216647916666665 0.6450838921875001 0.09281831458333333 0.6314310843750001 0.12160305 0.5983483484375001 0.13896540416666667 0.597682953125 0.17400200833333335 0.5696429625 0.18824760208333335 0.5656706296875 0.21703233333333335 0.5325878921875 0.22669451875 0.5157995078125001 0.21923285833333334 0.47925183593750004 0.19901059791666667 0.45461448437499996
7 0.39125911458333335 0.7444855875 0.39769445416666666 0.733817040625 0.43900238333333336 0.57404920625 0.42965209791666664 0.56412839375 0.41901863333333333 0.5289871734375 0.39071091666666663 0.521220546875 0.34775397916666667 0.5519911 0.2847938395833333 0.67447020625 0.2795866354166667 0.71507255 0.29502367083333336 0.744176271875 0.37859025 0.7485402609375 0.39125911458333335 0.7444855875
7 0.66526339375 0.518265178125 0.64005409375 0.5153766203125 0.6065942166666667 0.5434989484375 0.6000121 0.56673653125 0.6731459291666667 0.6538763375000001 0.7123439666666667 0.6747883734375 0.7497084166666668 0.7176138796875 0.80923879375 0.75373649375 0.8201107645833333 0.7684530328125 0.86739425625 0.7724943453125 0.8927503333333333 0.7628138703125 0.90079909375 0.7490854031249999 0.8993324479166667 0.7395762875 0.8666064458333333 0.70485344375 0.8402790895833333 0.6626043125 0.7606365354166668 0.5924175703125 0.7229785333333333 0.5747301328125001 0.6965410958333333 0.541907778125 0.66526339375 0.518265178125
7 0.6716620395833334 0.5107388890625 0.6295123666666667 0.4723797515625 0.5715220229166668 0.43948173749999997 0.5449745041666667 0.4160861578125 0.46459807291666666 0.4087445890625 0.44113062291666666 0.39179820468750004 0.4285167979166667 0.391139490625 0.4187812291666667 0.41421239375 0.4422486770833334 0.43115877812500003 0.4671277354166667 0.462327665625 0.4733245645833334 0.4720837984375 0.47303101458333335 0.4972218671875 0.49039336875 0.49655647031249994 0.5657644145833333 0.5272179609375 0.5702560854166666 0.5478896609375 0.56195046875 0.5836139375 0.6262293770833334 0.6184124390625 0.6310696395833334 0.60923268125 0.60309216875 0.5731857265625 0.600158875 0.554167496875 0.6337288354166667 0.5166183921874999 0.6479927750000001 0.5110749296875 0.6700302729166666 0.5153699390625001 0.6716620395833334 0.5107388890625
7 0.8861715312499999 0.380453071875 0.8594221979166666 0.3743399125 0.8309126645833333 0.383855709375 0.7830604208333334 0.42851940624999996 0.7451455625 0.4328277765625 0.7370601104166667 0.44969850312500004 0.7005018166666667 0.47294276718750006 0.6923429729166667 0.496098009375 0.6716253458333333 0.51388115 0.6730919937500001 0.5233902640625 0.71683674375 0.5602606125 0.7374442875 0.5519042484375001 0.7674388125 0.5503264375 0.8215245812499999 0.512276615625 0.8502726229166666 0.4823361390625 0.8962912833333333 0.45958591249999997 0.9139471875 0.4337824484375 0.9126456624999999 0.41013316875 0.8861715312499999 0.380453071875
7 0.8480709958333333 0.67087165625 0.8744533916666666 0.7084074 0.9328106708333334 0.709882828125 0.9964852354166667 0.6613291390625 0.9778580520833333 0.635202996875 0.9169527624999999 0.581715621875 0.8734098291666667 0.52756285 0.8215429270833333 0.5107054875 0.7722423833333333 0.5442889390625 0.745346275 0.550744815625 0.74211943125 0.5568646546875 0.79187754375 0.6192024296875001 0.8480709958333333 0.67087165625
7 0.21125637916666667 0.6218952468750001 0.22211000625 0.6381829156250001 0.23074476458333332 0.7093777718750001 0.2478319145833333 0.732279315625 0.27148283333333334 0.7335144046875001 0.2782117229166667 0.6977077890625 0.304008125 0.650320209375 0.32358934791666666 0.594747628125 0.29885706458333333 0.55100970625 0.26459103125 0.5130622640625 0.2504922125 0.5044655640625 0.23314820625000002 0.5035598296875 0.20581177083333332 0.5477228109375 0.20225468333333335 0.5821229765625 0.21125637916666667 0.6218952468750001
7 0.6643115666666667 0.3295649828125 0.6516977416666666 0.32890626875 0.6452624020833333 0.3395748140625 0.6456649291666667 0.44020943125 0.6390277729166667 0.46816040000000003 0.6404210333333332 0.48395403281249993 0.6684902375 0.512145340625 0.6779689520833333 0.5110682484375 0.6939197 0.49618034843750003 0.7020785416666667 0.47302510625 0.7164342166666666 0.459625996875 0.7230713729166667 0.4316750265625 0.7115767104166667 0.3351774234375 0.7022447708333334 0.32368548124999996 0.68642245 0.327575475 0.6754587416666666 0.32071458124999996 0.6643115666666667 0.3295649828125
7 1 0.5222247890625 0.9557115770833333 0.5051353015625 0.9191532854166666 0.5283795625 0.8874719520833333 0.5393018109375001 0.8841717208333333 0.551706165625 0.9012588708333333 0.5746077109375001 0.96682095625 0.6346266203125001 0.9825331958333333 0.6401634031250001 1 0.6269609640625 1 0.5222247890625
8 0.70961138125 0.7736871812499999 0.6418304270833333 0.76857545625 0.6368250416666666 0.7918953796875 0.6339467895833334 0.7681637609374999 0.5976270041666666 0.7709833421875001 0.5945285916666666 0.7661052749999999 0.5093852812499999 0.761658946875 0.4904462 0.7622420046875 0.4919128479166667 0.77175111875 0.4823790916666667 0.7775416015625 0.47535665208333333 0.8384862875 0.7117924541666666 0.8571217140625 0.7307315375000001 0.8565386578125 0.7404487604166667 0.83503688125 0.7449771270833333 0.8525663234374999 0.7559775291666667 0.8562849578125 0.7561426499999999 0.8421447921875 0.7498724354166666 0.8386731781250001 0.7536863770833333 0.7822772015624999 0.7442076624999999 0.78335429375 0.7411459395833333 0.7753339687499999 0.7127648395833333 0.773851859375 0.7094095666666667 0.790969603125 0.70961138125 0.7736871812499999
8 0.6668206708333333 0.655118109375 0.5927694979166667 0.64653476875 0.55643136875 0.6509254796875 0.5279034895833333 0.6620124046875 0.5101558520833334 0.695671515625 0.49689988749999997 0.750002328125 0.7397159895833333 0.7626825937499999 0.7372230208333334 0.7059572609375 0.7107855833333333 0.6731349046874999 0.6668206708333333 0.655118109375
7 0.4209428479166667 0.634417515625 0.3993812625 0.724472603125 0.40075617708333333 0.741837365625 0.4085847770833333 0.7469624500000001 0.4764024229166666 0.7489319156249999 0.5054256666666667 0.6954244968750001 0.5437808541666667 0.6534090234375001 0.5424976729166667 0.628188615625 0.5685325854166667 0.5603763546875 0.5704579020833334 0.5306072375 0.49825866041666667 0.49853929687500004 0.47935627291666666 0.4959800953125 0.4600135604166667 0.5311279984375 0.45009451875 0.56991219375 0.4209428479166667 0.634417515625