9 0.29402335208333336 0.4730145171875 0.26066086875 0.47672159843750006 0.2567347395833333 0.47933654687500005 0.25270681458333333 0.5059926921875 0.23907107916666667 0.5859028656249999 0.2511527875 0.5815537421875 0.26790078333333334 0.577819278125 0.2943563458333333 0.57240891875 0.31396158125 0.567714471875 0.3295789458333333 0.562995846875 0.34252396041666666 0.5576746421875 0.36164093125 0.55104704375 0.3779315166666667 0.546699 0.3907173333333333 0.5440399953124999 0.3988883729166667 0.5429656015625001 0.4095487104166667 0.5407315390625 0.41314396666666664 0.5168898453125 0.41211476041666667 0.49166772031250006 0.4099864875 0.47573157187500004 0.4100163375 0.458259715625 0.40908940208333333 0.455967809375 0.37012444166666664 0.461457609375 0.33988741250000004 0.46792550468750005 0.29402335208333336 0.4730145171875
9 0.4855668479166667 0.390660425 0.4675551416666667 0.3955886203125 0.44903003125 0.3986961046875 0.43332300833333337 0.40150907968749994 0.44324145625 0.41289018125 0.44652965833333336 0.42262123906250004 0.454138025 0.43588383124999996 0.47034838333333334 0.45457342812499996 0.4788468625 0.46563434218750005 0.4863841020833333 0.47585852187500005 0.49243021666666664 0.48272411093749995 0.4977991520833333 0.4908319578125 0.5557772354166667 0.4735266453125 0.5864918375 0.4581334078125 0.6092929270833333 0.4466129890625 0.6134924354166666 0.44393872031250003 0.6068018645833334 0.4307069484375 0.5991775041666667 0.42681784375 0.58041671875 0.409800553125 0.5565108729166667 0.3841834484375 0.5372530375 0.3660466296875 0.5240038520833333 0.3732886484375 0.5021038 0.383074815625 0.4855668479166667 0.390660425
9 0.5305172520833333 0.2909232796875 0.54475458125 0.298895 0.5651083229166667 0.303348509375 0.5889041104166667 0.31361160312499997 0.6451337250000001 0.332412490625 0.6937226895833334 0.36023764375 0.7153228208333334 0.36497219062499997 0.7856536041666666 0.264163340625 0.7648457166666667 0.2561520625 0.7182034395833334 0.24087340781250002 0.6585510458333333 0.217083475 0.6105760083333334 0.19783121406249998 0.6045363645833334 0.20463171406249997 0.5936554145833333 0.2164623453125 0.5784125916666666 0.23615201406250003 0.5305172520833333 0.2909232796875
9 0.6495093895833333 0.6269786671875 0.6634887500000001 0.6237243109375 0.6589741291666668 0.6310110671875 0.6686147604166667 0.6425574421875 0.7545307416666667 0.617796590625 0.7727405895833334 0.61051329375 0.78722185 0.6133040765625 0.7860206000000001 0.6083763015625 0.773670625 0.5871106968750001 0.683775875 0.5050323 0.6185277041666667 0.519742225 0.5769156354166667 0.5280364890625 0.5736883645833333 0.5287324531250001 0.6113649833333333 0.5832602359375 0.6436482125 0.6229283171875 0.6495093895833333 0.6269786671875
9 0.5415038812499999 0.6270682625 0.5715402520833333 0.6055322109375 0.6041772333333333 0.5749258187499999 0.5914047875 0.5614629796874999 0.5787630916666667 0.5535856124999999 0.5644432041666666 0.5426841437500001 0.5516334041666667 0.5276254890625001 0.5400168541666667 0.5120422046875001 0.5214267958333333 0.4903888046875 0.45410063333333334 0.5282391921875 0.4560493666666667 0.5300159437499999 0.49336885416666665 0.5621099953125 0.5057591145833333 0.57641260625 0.49276396041666665 0.587769084375 0.44764398541666667 0.617280490625 0.47785062500000003 0.654517159375 0.5415038812499999 0.6270682625
9 0.3956346145833333 0.64431233125 0.43060282708333336 0.6274600421875001 0.5049573895833334 0.576496390625 0.4207902229166667 0.5001061765625 0.4138489083333334 0.50446720625 0.4096887375 0.5408599984375 0.3772838375 0.5470460796875 0.30986396875 0.568089690625 0.324548075 0.5945505921875001 0.34941264375000003 0.6267464687500001 0.37907833750000003 0.65804065 0.3956346145833333 0.64431233125
9 0.2613171354166667 0.6721017140625001 0.2824155791666667 0.6689602375 0.25793503333333334 0.708510221875 0.25508783333333335 0.747672365625 0.24831103125 0.779753184375 0.30023109375 0.7265658921875 0.33185013958333337 0.690484121875 0.3694503020833333 0.6486265437500001 0.3380138354166667 0.6121108093750001 0.30655633541666666 0.59479543125 0.28742276250000004 0.6014775078125 0.2616317583333333 0.6252440453125 0.2675153020833333 0.635398834375 0.26872739166666665 0.6469783578125 0.26391451875 0.662465309375 0.2613171354166667 0.6721017140625001
9 0 0.782685140625 0.020964583333333335 0.7998379796874999 0.02829670416666667 0.8062202515625 0.05457770833333333 0.7424728890625001 0.05925435 0.73769505625 0.08955955208333334 0.7435827203125001 0.15845820625 0.7961774187499999 0.18057532291666664 0.79386601875 0.216460825 0.7654318921875001 0.23967344583333333 0.7331370203125 0.0930669 0.668394903125 0.05168764583333333 0.700836878125 0.011908370833333333 0.7402602093749999 0 0.753887359375 0 0.782685140625
9 0.10176177083333333 0.63682420625 0.12318983333333335 0.6707661390624999 0.23564753333333333 0.5888251906249999 0.24311718958333334 0.5472442796875 0.1962956458333333 0.4988434125 0.1451467375 0.5384143906250001 0.10162218958333334 0.5678987671875 0.06739760833333334 0.5959223406249999 0.08159927916666666 0.614973459375 0.10176177083333333 0.63682420625
9 0.22978741875 0.5108383546875 0.23675696458333334 0.5251500109375 0.24717208541666666 0.52919718125 0.2562423604166667 0.4757926125 0.3444782375 0.46620447499999995 0.34436682083333336 0.464371940625 0.27604335416666664 0.4084275 0.2623968375 0.423793196875 0.17742988541666668 0.4943002953125 0.18683616458333333 0.5024880203125 0.19377076666666668 0.499562328125 0.2008082125 0.501027840625 0.21755894583333332 0.49230750468749995 0.22978741875 0.5108383546875
9 0.024948479166666666 0.5045189156250001 0.022744597916666668 0.5280533296875001 0.019478175 0.550327940625 0.04095101041666667 0.5408870296875 0.050992691666666666 0.543264671875 0.0593329 0.5465055484375 0.08250784583333333 0.550937740625 0.09501012708333333 0.5554571734375 0.1044259875 0.5543673625000001 0.11409429375 0.548417578125 0.12554548541666669 0.5413681953125 0.12679855416666666 0.540711453125 0.12804062083333334 0.53958501875 0.1319272 0.535836615625 0.13328959583333333 0.5347737828125 0.14170269583333334 0.5287170296875 0.14842292291666667 0.5229890875 0.15580455 0.5154236453125 0.14623282083333333 0.509645271875 0.14448856666666668 0.49202611249999995 0.14346545416666664 0.4777393484375 0.1497279625 0.465775528125 0.15710044166666667 0.4423863859375 0.07999561875 0.45832665625 0.04057244791666667 0.465873734375 0.024948479166666666 0.5045189156250001
9 0 0.4984024015625 0.02870220416666667 0.49394505312500003 0.0413072 0.4650147890625 0.14994809166666664 0.440735834375 0.14718207916666665 0.43852038125000004 0.045495383333333334 0.4043573453125 0.0217903 0.4256350015625 0.01690144583333333 0.43113975625 0.02009964375 0.441674453125 0 0.473357990625 0 0.4984024015625
9 0.23098124375 0.44754251875 0.23901291875 0.4375967421875 0.23360594791666667 0.362332634375 0.17766980416666664 0.3514747609375 0.14268789791666667 0.39537503749999997 0.11984611041666667 0.4283126796875 0.15051638125 0.4397951578125 0.16747092291666668 0.4453671578125 0.2151501125 0.452134534375 0.22151116666666668 0.44647594531249996 0.23098124375 0.44754251875
9 0.36548190625000004 0.3027737421875 0.3794948645833333 0.2814501265625 0.3668729520833333 0.2134541453125 0.35876152708333336 0.21430184843750003 0.3142152333333333 0.256678234375 0.32017094375 0.2786230234375 0.32369334375 0.31285795312500003 0.32723628958333334 0.33505489375 0.3235965833333333 0.34747110000000003 0.32135242708333334 0.35492714062499997 0.34665095625000003 0.33784027499999997 0.34886700833333334 0.32918357343750004 0.3653629958333333 0.31060943750000003 0.36548190625000004 0.3027737421875
9 0 0.4753526234375 0.019567491666666666 0.44072109531250003 0.016171139583333334 0.4308385453125 0.03613377708333333 0.40934370937500003 0 0.3695587046875 0 0.4753526234375
9 0.5386980458333334 0.340633796875 0.5348305083333333 0.331350390625 0.53198824375 0.31388688125 0.5317526020833333 0.303820271875 0.5315452395833333 0.294961640625 0.5314132791666667 0.2893243484375 0.536785325 0.276249790625 0.5385632104166667 0.26556911250000004 0.5382238874999999 0.25107318749999996 0.5342236854166666 0.24209932968749998 0.4989213583333333 0.235401775 0.44597586041666665 0.22599993437500002 0.4024867604166667 0.22206822656249997 0.3987620479166667 0.2535384765625 0.3972487708333333 0.29285061562500003 0.39504816875 0.3201251203125 0.45209612708333335 0.3315201015625 0.5386980458333334 0.340633796875
9 0.14511698958333333 0.33260609375 0.15497947916666668 0.34798594375 0.1625328 0.3501803015625 0.16612967708333332 0.35428000625 0.18757118750000001 0.351541925 0.21441941666666667 0.3447577765625 0.2146284375 0.35368714218749997 0.20368725833333334 0.35632244062499996 0.21774963125 0.3588311359375 0.22422384374999998 0.357657246875 0.22326086041666665 0.35924975312499996 0.22577863541666668 0.35998120624999996 0.23426010208333334 0.3590948328125 0.2441105625 0.35259520312500003 0.25607278541666667 0.350847775 0.26425233333333337 0.33706343125 0.2634747291666667 0.3252097515625 0.23543043541666667 0.2808980890625 0.23534915208333332 0.277425559375 0.24012922916666665 0.26797479687500003 0.23953742083333335 0.2640583296875 0.236509125 0.262882940625 0.22860785625 0.26718970625 0.22199429166666668 0.26241068749999996 0.21850192291666665 0.262775665625 0.20667904791666666 0.2704760046875 0.13979071875000001 0.297357890625 0.13857268541666665 0.3094201296875 0.13186664166666667 0.3220559046875 0.12502125208333334 0.3287387703125 0.13401323958333336 0.328296334375 0.14511698958333333 0.33260609375