9 0.7101972041666667 0.4097584625 0.6693206166666666 0.4484503 0.6904667479166666 0.5376917015625 0.7082525895833334 0.5794673015625 0.7504636229166667 0.6483209671875 0.7613562770833333 0.6585663546875 0.8032061395833333 0.6210004312499999 0.8661917 0.58680410625 0.8853306395833334 0.3673766859375 0.8605853729166667 0.3316837640625 0.8441199562499999 0.33619197968750003 0.7447545166666667 0.39437900937500003 0.7101972041666667 0.4097584625
9 0.7369915208333333 0.0779933734375 0.7356048562499999 0.0693224515625 0.7190059979166666 0.063076115625 0.61277444375 0.1262759765625 0.6055350770833333 0.1355682 0.6449195979166666 0.1999742671875 0.6940238187500001 0.30035815 0.7050097895833333 0.3095336859375 0.7260215083333333 0.3020402 0.8335995916666668 0.23568686562500002 0.85563776875 0.21642504687500003 0.8561043416666667 0.21107580625 0.7599367354166666 0.09747036718749999 0.7369915208333333 0.0779933734375
9 0.63051088125 0 0.5719379854166667 0.1767922140625 0.5768976791666667 0.18135194999999998 0.63986659375 0.19648438125 0.6414930708333333 0.1901213625 0.6103081375 0.14226763125 0.6080415145833334 0.1314009421875 0.7199792729166667 0.0642020328125 0.7315251291666667 0.06695848125000001 0.7368048916666667 0.0801330703125 0.7539104541666667 0.0928545625 0.7750425645833333 0.120834271875 0.7940013645833334 0.136877446875 0.79752120625 0.14566050625 0.8050806479166667 0.1449831375 0.8461428979166666 0.0181712640625 0.8460094541666667 0.0074167140625 0.8047865645833333 0 0.63051088125 0
9 0.4253273666666667 0.6537990640625 0.44713878333333335 0.6248525453125 0.4818827229166667 0.6073333953125 0.5404378145833333 0.5502253140625 0.5763547125 0.5069737390625 0.5856871291666667 0.48596925312500006 0.5973794875 0.47476160624999997 0.6124181083333333 0.44975807031250004 0.6130713104166666 0.4422691328125 0.4712671104166667 0.33593745625000004 0.4475753791666667 0.32501924843749996 0.4340297875 0.3329052140625 0.39556632291666666 0.36849964687500003 0.37751456041666664 0.3911952828125 0.31889322708333334 0.48591625625 0.29632223958333337 0.548140209375 0.31374787708333335 0.5694765562499999 0.35361202708333334 0.6038147359375 0.4168879625 0.65228066875 0.4253273666666667 0.6537990640625
2 0.23136180625 0.08902985937499999 0.19553822291666664 0.13121158593749999 0.15270023958333334 0.16782179531250002 0.14943434166666666 0.20526520312500002 0.16140832083333334 0.21539773437499998 0.20501907291666666 0.268203678125 0.22523109166666666 0.2821632234375 0.24423002083333334 0.31003079843750003 0.2554959333333333 0.31599679062499997 0.285227 0.3068121546875 0.2977060020833333 0.29887012031250004 0.32494368125 0.2691340953125 0.33640927916666663 0.248241746875 0.36888659375 0.21985590937500002 0.37195291875 0.2092695625 0.28385145624999997 0.1014619125 0.26627931875 0.0940896609375 0.25469333125 0.0795088125 0.24838710833333336 0.0781025546875 0.23136180625 0.08902985937499999
2 0.2131795 0.35891195468750003 0.2631366041666667 0.42494855625000005 0.3069209291666667 0.5003334484375 0.31313383958333335 0.5028095546875 0.35514325416666664 0.42656089062499997 0.40725867916666664 0.357292 0.3908595020833333 0.324187321875 0.33584939166666666 0.2546608359375 0.2919997958333333 0.3028691703125 0.24793649166666668 0.3166741609375 0.21081956041666666 0.34911511562499997 0.2131795 0.35891195468750003
9 0.5165575208333333 0.36948613125 0.53775586875 0.35985294843750004 0.5521412916666667 0.342338346875 0.4986111604166667 0.28041293437500003 0.4867051 0.25721723281250003 0.46491979166666664 0.2367264609375 0.44989422083333336 0.2370113515625 0.40632456666666666 0.28201014375 0.40511147708333334 0.295918171875 0.3970854645833333 0.30194478281250003 0.38641956875 0.30138409843749997 0.37946014375000003 0.3074667765625 0.393126125 0.3350540078125 0.4107383895833333 0.354250659375 0.41848446250000004 0.3514335921875 0.4329631979166667 0.332849146875 0.44961524375 0.3262012328125 0.4702005208333333 0.3358813875 0.4899459666666666 0.3551901734375 0.5165575208333333 0.36948613125
9 0.5928612291666667 0.600270259375 0.6056603041666667 0.6009430796874999 0.6435508270833333 0.5964863828125 0.6485105166666667 0.6010461171875 0.6528571333333333 0.6249191890625 0.65809676875 0.6262693796875001 0.6942273708333333 0.6174211515625 0.7190920604166667 0.602606934375 0.6915333374999999 0.53774776875 0.68117349375 0.4845402484375 0.6687607291666667 0.45486938906249996 0.6704805208333333 0.447436521875 0.6960917270833333 0.4240635140625 0.7197031979166667 0.41133292499999996 0.7212363604166666 0.40603975156249994 0.71724994375 0.40260593437500003 0.71085040625 0.4022695234375 0.6827859479166667 0.4169155375 0.5985393895833333 0.4737478265625 0.5845272270833333 0.48698303281250005 0.5699953062500001 0.518461728125 0.5584895791666666 0.5275296796875 0.5638496041666666 0.5643530640625001 0.58275521875 0.5932904859375 0.5928612291666667 0.600270259375
9 0.7647576645833334 0.8038368890625 0.7787558062500001 0.7293399921875 0.7475437958333334 0.64494321875 0.7394776541666667 0.6391454296875 0.6973739562500001 0.6304836046875 0.65656360625 0.631562553125 0.6968160020833333 0.80886336875 0.7047888333333333 0.8157310046875 0.7579316854166667 0.8206741187500001 0.7647576645833334 0.8038368890625
9 0.69254964375 0.8086390953124999 0.6964026166666667 0.8013183625 0.6492971625 0.6043117312499999 0.6446174145833333 0.5965424515625 0.6382178791666667 0.5962060421875 0.5652633416666667 0.6095670328125 0.5509311041666667 0.6141873859375 0.5480514104166667 0.622634034375 0.5847027354166666 0.6815226578125 0.6080613395833333 0.7085446546874999 0.6183539770833334 0.71338473125 0.6279402291666667 0.7386079921875 0.6618182291666667 0.7801547703125 0.6515125354166666 0.800033340625 0.6317540354166666 0.8054431984375 0.6189950916666667 0.8165947765625001 0.6163953395833333 0.8218318796874999 0.6227948770833333 0.8221682906250001 0.69254964375 0.8086390953124999
9 0.5550669208333333 0.8615981187499999 0.6337939020833333 0.8066251843750001 0.6618182291666667 0.7801547703125 0.6181141625 0.728418675 0.6121410666666667 0.710908625 0.5860492708333334 0.678369178125 0.5493046291666667 0.62055040625 0.5229328854166667 0.59122050625 0.45167203125 0.6465859203125001 0.45092551666666664 0.65514470625 0.4638580354166667 0.6665720765625001 0.46741800833333336 0.687179534375 0.4427800791666667 0.7116784546875 0.43280751458333333 0.715453234375 0.4312743520833333 0.72074640625 0.4877243083333333 0.7860495703125 0.4930973875 0.798154309375 0.5354147895833333 0.8412194828124999 0.5486673833333333 0.8612617078125 0.5550669208333333 0.8615981187499999
2 0.3533079083333333 0.8284222453125001 0.36500026458333334 0.8172146 0.4177688895833333 0.740456771875 0.43587383958333337 0.7048668874999999 0.4557788375 0.6854929328125 0.46144491458333337 0.6696694859375001 0.4386863270833333 0.6480527953124999 0.42542067916666665 0.6527292171875 0.4139681375 0.64890291875 0.31870756666666666 0.5740362890624999 0.2940957458333333 0.54909791875 0.2877895208333333 0.5476916625 0.26681793541666665 0.5670095468749999 0.24356666666666668 0.6001793890625 0.21127598125 0.6264255296875 0.1823586375 0.6754188250000001 0.17766583958333332 0.692368190625 0.22402283958333333 0.725972934375 0.27069991666666665 0.7681925328125 0.3533079083333333 0.8284222453125001
9 0.12842914166666666 0.667210096875 0.145494575 0.6681071890625 0.18087866041666667 0.6678177515625 0.18997126458333333 0.6618472093750001 0.19127766666666668 0.64686933125 0.20330315208333335 0.6195578937499999 0.21839399166666668 0.49567977343749997 0.21408750208333333 0.4836311015625 0.18407649583333333 0.4960252828125 0.123269175 0.5052481453125 0.11321194791666667 0.6205540078125 0.12000279166666666 0.6409730546875 0.12036299791666667 0.6614123078125 0.12842914166666666 0.667210096875
9 0.2782424333333333 0.44831246093750005 0.24269782708333335 0.40130430625 0.22884521458333335 0.375856771875 0.212206225 0.35778603750000004 0.210912875 0.3480452671875 0.22385845 0.3347539921875 0.20447320833333332 0.3358844578125 0.19920746666666667 0.383971559375 0.20358116041666668 0.44438767500000004 0.198688675 0.4881953859375 0.21399418958333336 0.48470094843749995 0.22172720625 0.5066025296875 0.23085993958333334 0.5124563859375 0.24987192291666668 0.5156053125 0.30385460416666665 0.5109197937500001 0.3098407541666666 0.503711196875 0.2782424333333333 0.44831246093750005
9 0.5650394854166667 0.8578233390625 0.5498272875 0.860247928125 0.5150693270833333 0.8165053859375 0.4931907020833333 0.7970844625 0.48003142083333333 0.7759723875 0.4468467541666667 0.7387610718750001 0.44054053125 0.7373548140625 0.3863852395833333 0.8054417203125 0.5335494666666667 0.9485967843750001 0.5519483791666667 0.971059046875 0.5667923229166667 0.9802071765625 0.5675048229166666 0.9801822953125001 0.5951317229166667 0.95505829375 0.6312352479166666 0.9096670234375 0.6519268916666667 0.8935586828125001 0.6968430791666667 0.8454064125 0.70000271875 0.8337502203125 0.6771508166666667 0.813203378125 0.6436199666666667 0.8168145000000001 0.6119423520833334 0.823747303125 0.5756652520833333 0.846559625 0.5650394854166667 0.8578233390625
9 0.35920074375 0.8222835 0.35145467291666665 0.8251005656249999 0.29081861875000004 0.7832219265625 0.20381082083333332 0.7120133875 0.18934513958333332 0.7058791906249999 0.15726815833333332 0.766528678125 0.2889262208333333 0.8540561828125 0.3437758083333333 0.876285075 0.3722406 0.8939027140625001 0.4448088229166667 0.9095397625 0.4553543291666667 0.8746272484375 0.39533134583333335 0.8134352734375 0.38619861250000004 0.8075814171875001 0.3713596708333334 0.8057266109375 0.35920074375 0.8222835