9 0.6980638020833333 0.4530486671875 0.6639901270833334 0.493773496875 0.6992233208333333 0.581017546875 0.7234940125 0.621401278125 0.7762140645833333 0.6872138203125 0.7886063833333333 0.6967395453125 0.8238212458333333 0.657074509375 0.8834533020833334 0.6175140171875 0.8674136895833333 0.4048060484375 0.8337812375 0.36693811875 0.8182710541666667 0.372361115625 0.7296626770833333 0.43580050937500003 0.6980638020833333 0.4530486671875
9 0.6710234208333333 0.12260296875000001 0.6682587416666668 0.1140874203125 0.6508839208333334 0.10885667968749999 0.5563126166666666 0.1776632546875 0.5506712270833333 0.187294409375 0.5998873270833334 0.2488615796875 0.6644857458333333 0.3455321265625 0.6767976854166666 0.353991859375 0.6963099458333333 0.3453460734375 0.7917009041666667 0.27333531718750004 0.81032895 0.25296359687500003 0.8099270333333333 0.2476336296875 0.6967884854166667 0.140582221875 0.6710234208333333 0.12260296875000001
9 0.6901021145833333 0.13635545625 0.7154494375 0.162868865625 0.7367301270833334 0.1776749453125 0.7416164166666667 0.1861780890625 0.7489616833333332 0.1850686828125 0.76901829375 0.05697576875 0.7676562520833333 0.0491936484375 0.55604566875 0.035633025 0.5241839666666667 0.2301078140625 0.52980953125 0.23434078125000002 0.5943421437499999 0.24569460781250002 0.59492065 0.2392924421875 0.5564575583333333 0.1936593640625 0.5524713083333334 0.1830180296875 0.6520251104166667 0.1099164703125 0.6638547479166667 0.11198023906250001 0.6711841875 0.12473495625 0.6901021145833333 0.13635545625
9 0.45647770625 0.711478828125 0.47332149583333333 0.6815193671875 0.50475960625 0.6621392234375 0.55329848125 0.6021334765625 0.5817465895833334 0.55717568125 0.587564575 0.5358123906250001 0.597288425 0.5240244406250001 0.6080889104166667 0.49836616562499997 0.6075262291666667 0.490904209375 0.4505572479166667 0.393707221875 0.4254352479166667 0.3842559171875 0.4133486333333333 0.392858290625 0.381155425 0.430372734375 0.36701175416666665 0.453917625 0.32446870625 0.5512145515625 0.31223840625 0.6142074203125001 0.33286020208333333 0.6343496703125 0.3777039583333333 0.6660814171875 0.44791086875 0.7104624484375 0.45647770625 0.711478828125
2 0.1741969125 0.1628337875 0.1456684208333333 0.2067255890625 0.10834290833333333 0.24654839375 0.11101843541666666 0.28202966875 0.12557890833333332 0.2921601453125 0.17709321249999999 0.341982778125 0.19927394166666668 0.3546506671875 0.22249965208333336 0.3811764796875 0.23457043958333335 0.3864382296875 0.2624083875 0.37561084375 0.27343419583333334 0.3670146734375 0.2955016375 0.335958209375 0.30344123333333334 0.31458251718749997 0.3308930916666667 0.2845610375 0.3322108729166667 0.27388869374999997 0.22796069166666666 0.17211764375 0.20944468333333335 0.1658271109375 0.19567002083333335 0.15204361093750002 0.1892247979166667 0.1510148265625 0.1741969125 0.1628337875
2 0.19975749375 0.4314332375 0.25966203958333334 0.494004384375 0.31498600416666667 0.566200484375 0.3215116083333333 0.5682952609374999 0.3506502604166667 0.49027304843749997 0.39087927499999997 0.41858478281249994 0.36937326458333336 0.38671659687500004 0.30392353125 0.32097847968750004 0.26845169583333334 0.3713096578125 0.2272251770833333 0.38754763593749997 0.195851625 0.421857896875 0.19975749375 0.4314332375
9 0.50062465625 0.42434196562500004 0.5199761520833334 0.4135641921875 0.53133931875 0.395367875 0.46857388125 0.3370793078125 0.45309534791666667 0.3147740609375 0.4283107083333333 0.295722609375 0.4135397979166667 0.296875428125 0.37782681041666666 0.34400862499999996 0.3788717916666667 0.3578665453125 0.37192844375 0.3643059203125 0.3613203791666667 0.3643679375 0.3554378354166667 0.37080111250000003 0.37335951458333333 0.3973579328125 0.3938205458333333 0.4153681953125 0.40100504374999996 0.4121268015625 0.41228782708333334 0.3928644921875 0.42763724374999995 0.3853095078125 0.4494964416666667 0.39371342343750004 0.4720790875 0.41171128437500004 0.50062465625 0.42434196562500004
9 0.6130580895833333 0.6487085140625 0.62578776875 0.6486340921875 0.6624337020833334 0.6420210671875 0.66805926875 0.646254034375 0.6761925333333333 0.6696686875 0.6815769541666667 0.6707036734375 0.7157797395833333 0.6598390765625 0.7379117374999999 0.6437127296875 0.7002841291666667 0.5810113453125 0.6814940625 0.5288644703125 0.6644724249999999 0.500169459375 0.6649705520833333 0.49270130156249997 0.6864594854166667 0.46804700312499997 0.70769144375 0.45405884375000005 0.7083503354166666 0.44872267343749994 0.7038659583333333 0.4455495 0.6975011208333334 0.445586709375 0.6721867020833333 0.4617316625 0.5982688479166666 0.52295224375 0.58658415 0.536884584375 0.5773267708333333 0.5689326218749999 0.5674421520833334 0.578588584375 0.57866163125 0.6147827625 0.601967725 0.64237456875 0.6130580895833333 0.6487085140625
9 0.8153702041666667 0.84055569375 0.8171690333333334 0.765892709375 0.77279049375 0.6840344421875 0.7639021291666667 0.6787540890625 0.7209875645833334 0.6726061953125 0.6809180625 0.6760398453125 0.7491824520833333 0.8494743546875 0.7581512041666667 0.8558207031249999 0.8113523020833333 0.857642603125 0.8153702041666667 0.84055569375
9 0.7449392270833334 0.8494991625000001 0.7475589645833334 0.8420186015625 0.6693612229166667 0.6494458140625 0.6634945104166667 0.642014865625 0.65712966875 0.6420520765625 0.58734175625 0.659523496875 0.5739531833333333 0.6649340890625 0.5724746354166667 0.67347444375 0.6181064020833333 0.72973025 0.6454949520833334 0.755165259375 0.6564245520833333 0.7593672203125 0.6699422354166666 0.7838168578125 0.7100446437500001 0.8230415687500001 0.7030854708333333 0.84334506875 0.68447325 0.8498526625 0.6736885895833333 0.8616468156250001 0.67196889375 0.8669891890624999 0.6783337354166666 0.8669519781249999 0.7449392270833334 0.8494991625000001
9 0.6179006625 0.9099638406249999 0.6866752458333334 0.850906253125 0.7100446437500001 0.8230415687500001 0.6586107229166667 0.7742849328125 0.6498989458333334 0.7572724421875 0.6189260583333334 0.7265260671875 0.5733746770833333 0.671336253125 0.5426429354166667 0.6437878609375 0.48129399791666666 0.7028020328125 0.4819370625 0.7113299859375 0.49653138124999996 0.7219093 0.50336269375 0.7421321765625 0.48301494791666666 0.767846265625 0.4737892208333333 0.7721660578125 0.4731303333333334 0.7775022296875 0.5393193354166667 0.8389701703125001 0.5465683895833333 0.85065889375 0.5952376312500001 0.890899984375 0.6115358208333334 0.91000105 0.6179006625 0.9099638406249999
2 0.4135985541666667 0.8887625046875 0.4233224020833333 0.8769745562500001 0.46298873749999997 0.7978243328125 0.4751070041666667 0.7614937171875 0.4916134375 0.7411344015625 0.4946509166666667 0.7251196875 0.4687250854166667 0.7050084437499999 0.4563973229166667 0.710412834375 0.4444872979166667 0.7072830703124999 0.33848576666666663 0.6385826375 0.31019717708333333 0.6152858171875 0.30375195208333333 0.614257034375 0.2861847125 0.6346225484375 0.2686016458333333 0.6688521875 0.24098902291666666 0.696741678125 0.22036847708333335 0.74698603125 0.21847218541666666 0.7640605375 0.2696004 0.7946890796875 0.3224324854166667 0.8338393703125 0.4135985541666667 0.8887625046875
9 0.16586542291666667 0.74197235 0.18283832916666667 0.7418731234375 0.21768418125 0.7395364765625 0.22568833541666666 0.7330908984375 0.22456297291666666 0.7181669859375 0.23202026875 0.6903953265625 0.22693905416666665 0.56671523125 0.22075080625 0.55502030625 0.19315401041666666 0.569045675 0.13363348958333335 0.5819372953124999 0.14209285833333332 0.6941204609375 0.15332816249999998 0.716450515625 0.15697705416666666 0.7366919968750001 0.16586542291666667 0.74197235
9 0.27832299166666663 0.5162910265625 0.23569705833333332 0.4717487484375 0.21793614583333334 0.447323915625 0.19861630208333333 0.4303734453125 0.19577124375 0.42079190312500003 0.20639513333333334 0.4068657625 0.18746138125 0.40910938281250003 0.19001781458333333 0.457085309375 0.20406652916666665 0.5167251515625 0.20630143125 0.5604371015625 0.22083119166666665 0.5560863 0.2319861125 0.5773503625 0.24193528958333335 0.5826245171875 0.2611905729166667 0.5846448718749999 0.31366822083333334 0.5768728265624999 0.31840957291666666 0.5693798609375 0.27832299166666663 0.5162910265625
9 0.6726462791666666 1 0.7007568645833333 0.9532044562499999 0.7185652541666666 0.936036921875 0.7550979000000001 0.885699540625 0.7563352979166668 0.87396120625 0.73048985 0.8549159546875 0.6980067604166666 0.8604381812499999 0.6678864333333333 0.8691459828125 0.6357894333333333 0.8938622984375 0.6271263875 0.9056440468750001 0.6125162458333333 0.9089288546875001 0.5711922645833333 0.8675783562499999 0.5464880083333333 0.8495929 0.5301094333333334 0.829425840625 0.49138936875 0.7944589046874999 0.48494414375 0.7934301203125 0.44251313125 0.8640647953125 0.6107015916666667 0.9974559609375 0.6133129395833333 1 0.6726462791666666 1
9 0.4184202875 0.882335534375 0.41123578958333334 0.885576928125 0.3446936020833334 0.8475732546874999 0.24741967083333333 0.7820211875 0.2321664625 0.77677804375 0.21030851874999998 0.8387607328125 0.3542421145833333 0.9179040437499999 0.41191176041666666 0.9367632390624999 0.44282009166666664 0.9525794984375 0.5168999625 0.963877509375 0.5216729666666666 0.9286562999999999 0.45262307291666665 0.8714709359375 0.44267389791666667 0.8661967828125 0.42774222083333335 0.8652176140625001 0.4184202875 0.882335534375