10 0.7825676333333333 0.43138798281249996 0.7423190354166667 0.42610855625 0.7052975604166666 0.4336753875 0.6282200625000001 0.4304480875 0.59081343125 0.44904433125 0.5668521791666666 0.45102159531249997 0.5665954104166667 0.4583745375 0.5459254729166666 0.47135982343749994 0.55468479375 0.588932021875 0.5720167166666666 0.67153496875 0.6396462645833334 0.6821686828125 0.7134324479166666 0.674387959375 0.8401422979166667 0.67732650625 0.8615591958333333 0.695580525 0.8837464041666667 0.6917757203125 0.8991584041666666 0.6714695765625 0.90151018125 0.6567529999999999 0.8783425916666666 0.5833733109375 0.7825676333333333 0.43138798281249996
10 0.7774380854166666 0.420390653125 0.8296322854166667 0.504628640625 0.86588345 0.5191206328125 0.9041654270833334 0.5280872234375 0.9160293437499999 0.504125996875 0.95991356875 0.45792413906249996 0.9604913020833333 0.441380021875 0.9533309395833334 0.43590809531249997 0.7730146520833333 0.3891727375 0.7362499458333333 0.38938662812499997 0.7047431770833333 0.396921375 0.6943323395833333 0.43190132031250006 0.7554434541666667 0.41868075156250006 0.7774380854166666 0.420390653125
10 0.74378665 0.8524839625 0.9645587083333333 0.851199546875 0.9629130520833333 0.8456955359375 0.9703729791666666 0.8425890328125 0.9752088208333334 0.704108640625 0.9208320729166667 0.682370653125 0.8933227375 0.6806928375 0.8708145645833334 0.69368881875 0.8532025229166667 0.671736940625 0.8385608354166667 0.6699842609375 0.7116584041666666 0.6725604203125 0.6432585458333333 0.683985528125 0.6348785229166667 0.713440071875 0.6305367770833333 0.7851419421875 0.74378665 0.8524839625
10 0.13860169166666667 0.6097313390625 0.16878376875 0.587501403125 0.22083208958333334 0.5706578390625 0.2816222395833333 0.5666284484374999 0.2969058541666667 0.5499987749999999 0.29953775 0.47463112656249995 0.29285008541666663 0.402993425 0.12386082291666667 0.40030085 0.10902655624999999 0.40406287812499997 0.10693155208333334 0.4114265140625 0.10752092083333334 0.6576965703125001 0.140865925 0.6501511265625 0.13860169166666667 0.6097313390625
10 0.07605499166666667 0.7166912125 0.1174999 0.740342296875 0.17403584583333334 0.7528784125 0.177198775 0.76756290625 0.20522165416666666 0.754534840625 0.25823286458333333 0.7101177468750001 0.25487735625 0.700947959375 0.18382810416666664 0.68298269375 0.15892731458333334 0.6592353578125 0.12774150833333334 0.65757893125 0.09807297291666667 0.665102984375 0.0879831 0.69089175 0.07866353958333333 0.69462169375 0.07605499166666667 0.7166912125
10 0.32659313333333334 0.8549111234375 0.48763853125 0.8539741875000001 0.4971506708333333 0.8447295390624999 0.49792098125 0.822670715625 0.47592635208333334 0.8209608156250001 0.4597673895833333 0.8100276531249999 0.42734442916666665 0.7385396734375 0.43284164166666667 0.63374956875 0.3784648958333333 0.61201158125 0.34137922708333335 0.6214166484375 0.30129985625 0.66392064375 0.29020625208333334 0.665823046875 0.248031875 0.71569068125 0.18196043958333333 0.765697340625 0.18157528333333334 0.776726753125 0.32659313333333334 0.8549111234375
10 0.5225419541666666 0.45679297031250005 0.5143136666666667 0.4292729125 0.45416544375 0.4149199515625 0.34554033333333334 0.3677675046875 0.29285008541666663 0.402993425 0.2948983916666667 0.5022260453125 0.3052858770833333 0.5205442312499999 0.35340095833333335 0.511074996875 0.3671031104166667 0.4871030765625 0.4296031104166667 0.4867394625 0.5225419541666666 0.45679297031250005
10 0.3782434125 0.378604415625 0.4179142791666666 0.400427959375 0.5179901395833333 0.4292515234375 0.5207679125 0.4549654296875 0.53173313125 0.45673949687500004 0.5431476979166666 0.44564591875000004 0.5353279166666667 0.3537983203125 0.5061729229166666 0.3466164921875 0.48011666666666664 0.3559573921875 0.4471568145833333 0.352473425 0.38978636666666666 0.363834365625 0.378564375 0.3694132390625 0.3782434125 0.378604415625
10 0.9816514291666666 0.46698698125 0.9447583395833333 0.47087734374999995 0.9024555770833333 0.5244214484375 0.8348902208333333 0.511949496875 0.8884091145833334 0.6108826734374999 0.8983472520833333 0.64206850625 0.8971917854166667 0.6751567421875 0.9754558229166667 0.69703543125 0.9834896666666667 0.4669762875 0.9816514291666666 0.46698698125
10 0.3275781229166667 0.566361084375 0.32610169166666664 0.6086404953125 0.3314238208333334 0.61412311875 0.4412043958333333 0.6281873296875 0.4656149979166667 0.6133424171875 0.49318852708333333 0.6131819984375 0.5203769 0.62405099375 0.53273100625 0.6386820125 0.5400839479166667 0.638639234375 0.55169109375 0.62203095 0.5546206020833334 0.59077025625 0.5370727520833333 0.5669801421875 0.44238321458333335 0.5418009640625 0.3214448395833333 0.5314773921875 0.31751159791666667 0.538851721875 0.3275781229166667 0.566361084375
10 0.42416423124999997 0.7477474843749999 0.44987617708333333 0.8008958906249999 0.4730029229166667 0.822815684375 0.4917062395833333 0.8135175625000001 0.5043813083333333 0.81895740625 0.49974194791666665 0.846552325 0.4889809770833333 0.8539663781250001 0.5989169979166667 0.8533267890625 0.5900722479166667 0.838675353125 0.6008273979166667 0.741206103125 0.6067272583333333 0.7301446078125 0.63639579375 0.722620553125 0.6394536875 0.6876833875 0.5814004708333333 0.665966790625 0.5622069625 0.636672665625 0.5455986541666668 0.6386071515625 0.52208675 0.62771676875 0.46142498541666666 0.6280696890625 0.4372069625 0.6373998953125 0.42946886666666667 0.648472084375 0.4195482208333334 0.722044275 0.42416423124999997 0.7477474843749999
10 0.26881878541666665 0.5648650749999999 0.21925062291666667 0.5633155921874999 0.18216495624999998 0.572720659375 0.12757228125 0.60979550625 0.12870439583333332 0.6300054015625001 0.15176695208333332 0.65376343125 0.17198753958333332 0.653645790625 0.1837639125 0.6848209296875 0.226043325 0.6845749546875 0.231172875 0.6955722828125 0.264132725 0.6990562515625001 0.3514518291666667 0.619520184375 0.32793992708333336 0.6086298015625 0.3293521645833334 0.568188625 0.3171906354166667 0.5480428984375 0.3025489458333333 0.5462902203125 0.26881878541666665 0.5648650749999999
10 0.36532906458333336 0.4852755359375 0.34933933333333334 0.5221257984375 0.34591963125 0.5147942453125001 0.32215095833333335 0.511256803125 0.30299829375 0.5334225734375 0.3526306458333333 0.5331338203125 0.5063362916666666 0.5524560671875001 0.5299123895833333 0.561508215625 0.55019716875 0.5595523390625 0.5462464354166666 0.46216864687500003 0.5910702020833334 0.44169138906249994 0.66327491875 0.4265684203125 0.6636600729166666 0.4155390078125 0.6507924270833333 0.4156138703125 0.4610456854166667 0.48104294999999997 0.36532906458333336 0.4852755359375