9 0.29994817916666666 0.8186174453125 0.34134894583333336 0.61196914375 0.10303155416666666 0.5660337265625001 0.08688513125000001 0.7778624984375 0.29675038750000005 0.812059278125 0.29994817916666666 0.8186174453125
9 0.5225643770833334 0.7930517109374999 0.5384134041666666 0.6720094953125 0.5305829208333334 0.6792565125000001 0.5059194145833333 0.665691128125 0.33756031458333335 0.6137958859375 0.29758324166666666 0.8194568468749999 0.37209139583333334 0.8335899203125001 0.4831844479166667 0.8656800546874999 0.4920861645833333 0.8670791843749999 0.5225643770833334 0.7930517109374999
9 0.5453731708333333 0.36548128125 0.5699551958333333 0.5219449203125001 0.74519414375 0.5422215171875 0.7481675895833334 0.396144475 0.5453731708333333 0.36548128125
9 0.7517030062500001 0.397911265625 0.7417794625 0.5428959234375 0.9241594937500001 0.5994171328125 0.9378581458333334 0.422325840625 0.7517030062500001 0.397911265625
9 0.028463177083333333 0.19268331875 0.21438493125000002 0.23231363906250002 0.24264333125 0.22948850156249997 0.30123572708333335 0.2290089015625 0.30436334791666664 0.16924040625 0.033119191666666666 0.1266074828125 0.028463177083333333 0.19268331875
9 0.7417963291666666 0.7413954390625 0.5467591541666666 0.6925739546874999 0.5473192458333334 0.7940115390625 0.5548494708333334 0.8238789421874999 0.57935906875 0.831555759375 0.6015429625 0.8312180124999999 0.6383739937499999 0.841787584375 0.6740521895833333 0.85504434375 0.7074247166666667 0.8736754765624999 0.7245573916666667 0.862982521875 0.7417963291666666 0.7413954390625
9 0.5660372187499999 0.5693951187499999 0.55278289375 0.5797415265625 0.5487982812500001 0.6909822 0.5912802458333334 0.7033960875 0.6612638645833333 0.7220448187499999 0.7370983249999999 0.7397009 0.7495861229166666 0.67186634375 0.75407071875 0.6218964359375 0.6337151666666667 0.5934182203125 0.5660372187499999 0.5693951187499999
9 0.8445993583333333 0.7728515984375 0.7492198520833333 0.74543061875 0.7424827166666667 0.745327834375 0.7372450979166667 0.7923110015625 0.73096788125 0.8267011078125 0.7190597645833333 0.8726358359375 0.7705178958333333 0.8807237906250001 0.8284466229166667 0.8926971484375 0.86793653125 0.906553015625 0.8994698354166667 0.9239389390625 0.9158028895833333 0.9245938375 0.9291769854166667 0.8578547125 0.93466110625 0.7936999874999999 0.8445993583333333 0.7728515984375
9 0.9047200729166666 0.658004478125 0.75617648125 0.6193590265625 0.7490530416666666 0.679431578125 0.7437021875000001 0.74169499375 0.7784274541666666 0.7548019765625 0.8240347458333334 0.7638825781249999 0.8852421020833333 0.7840202781250001 0.93186895625 0.7923050046875 0.9452630854166666 0.738954815625 0.9565314166666667 0.6747531015625 0.9047200729166666 0.658004478125
9 0.2192579625 0.5273195953125 0.2534967458333333 0.5336572187499999 0.27568064166666667 0.5333194703124999 0.30666082916666665 0.5448816921875 0.30196238125 0.406460803125 0.26187275416666667 0.4011158234375 0.19795991666666665 0.392026421875 0.15868994791666668 0.38872253125 0.13105502291666665 0.38437899999999997 0.10512605208333332 0.383171984375 0.10886460208333333 0.42582921875 0.11537526249999999 0.45649249843749995 0.12037988333333334 0.48118229843749993 0.11550200416666666 0.49571365937499995 0.11873403541666666 0.5182125953125001 0.16037630833333333 0.5151964609374999 0.190603475 0.5237719421875 0.2192579625 0.5273195953125
9 0.2683564041666667 0.322776284375 0.21403948750000001 0.3142389984375 0.09594300625 0.294721003125 0.0978022625 0.3093551484375 0.1022071625 0.3425558390625 0.10532595833333333 0.380335021875 0.14160387291666668 0.385080890625 0.1855052125 0.39102497812500003 0.26193938958333335 0.40017016875 0.3084329708333333 0.41034620312500003 0.3091258895833333 0.373166128125 0.3063402708333333 0.33065867031249996 0.2683564041666667 0.322776284375
9 0.3046212604166667 0.4097470953125 0.30798003124999995 0.47146719375 0.3072871125 0.5086472703125 0.31067244791666665 0.5426438359375 0.3706403020833333 0.5530254375 0.4501532041666667 0.5731719359375 0.47834124166666664 0.583339171875 0.4878034479166667 0.44905624531250005 0.4567566229166667 0.43843967968750003 0.37976932916666667 0.4234707828125 0.3369541875 0.415785165625 0.3046212604166667 0.4097470953125
9 0.38740581874999996 0.3424440578125 0.3483357541666667 0.336303203125 0.3294104583333333 0.3314163546875 0.30919905625 0.3311080015625 0.31076520416666664 0.37724829843749996 0.31033883125 0.4106457578125 0.4245569645833333 0.4305103 0.48685052083333336 0.4489064671875 0.4890960833333333 0.40336527968749997 0.49045535416666663 0.3567286578125 0.4447147895833333 0.3495393640625 0.38740581874999996 0.3424440578125