9 0.6315789895833334 0.42785776875000003 0.6439877458333334 0.44792750625 0.6560424041666667 0.4527667015625 0.6563712104166667 0.4669093484375 0.7548300770833334 0.49918419375 0.7782573958333334 0.5262245890624999 0.7931927041666668 0.51487833125 0.8288752041666666 0.46199070156250005 0.8585434791666666 0.43059502031249997 0.8897275041666667 0.3710027046875 0.9338505229166666 0.3075907453125 0.9356444916666666 0.2913609640625 0.9409008458333333 0.283967334375 0.9319797645833333 0.27382164375 0.8684464333333334 0.2494926828125 0.8452467520833333 0.23224335 0.8113067229166667 0.2199902125 0.77387901875 0.1978130265625 0.7652361604166666 0.1996341921875 0.762304925 0.21364385156250001 0.7384241541666667 0.26049171718749997 0.676662225 0.35905065937499997 0.6664530291666666 0.386892665625 0.65149243125 0.397151028125 0.6315789895833334 0.42785776875000003
9 0.3080218458333333 0.19293880624999998 0.3136575916666667 0.201863615625 0.3367561041666667 0.21476136562499998 0.40549338541666663 0.1360505203125 0.5134513458333333 0.0299051359375 0.49563659791666664 0.028867543750000002 0.22469790416666668 0.0178152921875 0.2162068 0.026163831250000002 0.19156724583333334 0.040374821875 0.19285626875 0.049122315625 0.17701132916666668 0.068039515625 0.17610169583333332 0.07561045937500001 0.23041134375 0.12347417499999999 0.2594491145833333 0.1583514828125 0.275926375 0.16663167968749998 0.3080218458333333 0.19293880624999998
9 0.36227776458333333 0.4019279328125 0.38280996875 0.35113944531249996 0.3904542166666667 0.32971399218749997 0.23648520625 0.244635571875 0.10744074791666666 0.1809525890625 0.08972009166666667 0.2359315046875 0.06978859166666668 0.3125575171875 0.14392992916666666 0.349546428125 0.21671291874999998 0.386479925 0.33078390416666664 0.44819352500000004 0.3404188229166667 0.45402087812499997 0.36227776458333333 0.4019279328125
9 0.07250529166666667 0.3126683375 0.055957470833333335 0.37139722656249996 0.05781464583333333 0.451278246875 0.058198025 0.456094203125 0.2795166229166667 0.577884478125 0.33631215416666665 0.4524947765625 0.26621425 0.414312228125 0.21127951666666667 0.386258284375 0.14127646041666667 0.35215534531250003 0.07250529166666667 0.3126683375
9 0.35065444583333333 0.48568575625 0.4690217916666667 0.5570846765625 0.5793338833333334 0.6322307406250001 0.6095010104166667 0.5872696093750001 0.6476601583333333 0.5358415890625 0.6340134208333333 0.5325677453125001 0.4081139125 0.38885331875 0.3571932708333333 0.47508385000000003 0.35065444583333333 0.48568575625
9 0.5187760520833333 0.5957959374999999 0.4637148541666667 0.5623025140625 0.39074216875 0.5172097953125 0.35201279583333334 0.4857411671875 0.31789708333333333 0.535975546875 0.2971435666666667 0.5772449453124999 0.5173251229166667 0.7084989 0.5319192083333334 0.694149846875 0.57390048125 0.6320091 0.5187760520833333 0.5957959374999999
9 0.23323784583333335 0.571920915625 0.16156028125 0.5241638671875 0.07216092291666666 0.47296674375 0.05888332708333333 0.4972445515625 0.06084990208333333 0.58183108125 0.06123315833333333 0.586641703125 0.16342676041666668 0.662815178125 0.23377759166666667 0.711876684375 0.26407117916666667 0.6723550296874999 0.300966825 0.624951209375 0.23323784583333335 0.571920915625
9 0.06496449166666667 0.7588084234375 0.15869117916666667 0.8093486546875001 0.19268042708333333 0.7536747953125 0.22575395 0.7169837015625 0.19662788125 0.6899825546875 0.15805658749999998 0.665313275 0.11101903125 0.6267128343749999 0.06106243333333334 0.5909725421875 0.06496449166666667 0.7588084234375
9 0.6500675145833333 0.872867659375 0.5616471145833334 0.8054075109375001 0.4668166270833333 0.8708267296875001 0.5702737312499999 0.9429760046875 0.6115605895833334 0.9093371125 0.6500675145833333 0.872867659375
9 0.5109150333333333 0.84137826875 0.5618368104166667 0.8135667296875001 0.45837970624999996 0.7414174546875001 0.3957386291666667 0.79048821875 0.36803527500000005 0.8246812125 0.4310252666666667 0.8489880109374999 0.46406830833333335 0.8693560390625 0.5109150333333333 0.84137826875
9 0.29635657291666667 0.718505175 0.2685583729166667 0.7486185609375 0.3156275479166667 0.7885788703125 0.33205421874999996 0.7946832765625 0.3694252416666667 0.8260964921875 0.4023406854166666 0.7826060499999999 0.43295043333333333 0.7566830953125 0.45281983958333333 0.735756334375 0.34639310208333335 0.65261728125 0.29635657291666667 0.718505175
9 0.8672082625 0.58147915625 0.9016728854166666 0.6046223328125 0.9294406041666666 0.6315680703125001 0.9504479604166666 0.6479128249999999 0.9466477208333333 0.4844564734375 0.9446636 0.4691594390625 0.8929209416666667 0.520033353125 0.8824335291666666 0.5359085078125 0.8421256291666667 0.553284371875 0.8328701020833333 0.5637754562499999 0.8672082625 0.58147915625
9 0.67684378125 0.2734675171875 0.7166142083333333 0.2329738671875 0.760333225 0.18720696875 0.7722422208333334 0.1741069625 0.76623973125 0.14940766562500002 0.7570790520833334 0.163978359375 0.69222485625 0.1178582359375 0.6782303395833333 0.09962582187499999 0.6591818125 0.09749020625 0.6328356770833333 0.0733196203125 0.5945489291666667 0.06088916875 0.6020046166666667 0.0897234890625 0.5633396145833333 0.11939359062499999 0.5074902875 0.1687414046875 0.4570743666666666 0.2183108625 0.4067532916666667 0.271959925 0.45540212708333333 0.3214947359375 0.49552146458333335 0.35437864375 0.5175396229166667 0.3675040390625 0.5151074625000001 0.37963204687499996 0.5482137374999999 0.4027198140625 0.5865941979166667 0.36081088437500003 0.6287335520833334 0.305469484375 0.6432327875 0.287040821875 0.67684378125 0.2734675171875
9 0.6513196604166667 0.284653546875 0.6232369166666667 0.3025281046875 0.6023885520833333 0.33971789218750004 0.5735165458333333 0.382014696875 0.6040958145833333 0.41315086250000005 0.6159731958333333 0.3986909875 0.6380229666666666 0.41317625468749997 0.6511954666666667 0.39605205 0.6671795166666666 0.3831182796875 0.6728647124999999 0.3357998859375 0.6941557020833333 0.3176482765625 0.7109290145833334 0.2802922578125 0.7185732625 0.2588668015625 0.7313663708333333 0.22542416250000002 0.7019568937499999 0.24460317968749998 0.6822139520833334 0.27096942031250004 0.6513196604166667 0.284653546875
9 0.4533459541666666 0.17468420625 0.49545369166666664 0.11798293906249999 0.53882493125 0.057257471875 0.5329172895833333 0.036637782812500005 0.5165538479166666 0.03325311875 0.492577775 0.052653778124999995 0.46863331458333335 0.07341430625 0.4302212395833333 0.1139633671875 0.38517548749999997 0.161034725 0.33223256041666666 0.218652578125 0.28374180416666667 0.17591711875 0.25875401875000004 0.15180194375 0.22552128124999998 0.12327469843750001 0.20751608125 0.16601478593750002 0.23221932291666667 0.1778911328125 0.2709486958333333 0.209359759375 0.30819325416666665 0.2353334984375 0.3457539708333333 0.2749059359375 0.3592742479166667 0.2727403015625 0.3693190375 0.23782696875 0.39610779791666667 0.28103573125 0.4261800729166667 0.2319949890625 0.4405212270833333 0.20676697812499997 0.4533459541666666 0.17468420625
9 0.6433016958333333 0.581855521875 0.6530314666666667 0.5917624828125 0.6819667020833333 0.5521854187499999 0.70935389375 0.504393725 0.6969390416666666 0.49573581093749997 0.6535361854166666 0.5551014078125001 0.6433016958333333 0.581855521875
9 0.6461764791666667 0.5887656906250001 0.6300659666666667 0.5962599843749999 0.6092492145833333 0.6348096421875 0.6013520395833333 0.6453561375 0.5851466791666666 0.648770821875 0.5828726020833332 0.667698178125 0.6016365833333333 0.657594965625 0.6231805 0.6503223140625 0.6430182895833333 0.628035684375 0.6547059770833333 0.605416590625 0.6461764791666667 0.5887656906250001
9 0.5732376833333334 0.6618708265625 0.5455975624999999 0.6987835625 0.5382694729166667 0.7338077140625 0.5648674 0.710438265625 0.5832519916666666 0.6840166156249999 0.5732376833333334 0.6618708265625
9 0.71431419375 0.5426363109375 0.71482005 0.5643942281250001 0.7261610937499999 0.5852355593749999 0.7405338645833334 0.5613674171875 0.7364576770833333 0.50278219375 0.7190204270833332 0.511580946875 0.71431419375 0.5426363109375
9 0.71286099375 0.538501290625 0.6851576458333334 0.5726942875 0.6579285312500001 0.6272853296875 0.6738821020833333 0.6714106796875 0.7079978145833333 0.6211762953125 0.7246762791666667 0.5797406703125 0.71286099375 0.538501290625
9 0.6693328104166666 0.6508463984375 0.6566334125 0.6299496578125 0.6368272395833333 0.6535961578125 0.6218853812499999 0.65298664375 0.5936445583333333 0.6640618515625001 0.5819884895833333 0.6880408140625 0.5757658229166667 0.7122414203125 0.6497479458333333 0.6840119875 0.66709035 0.6711336265625001 0.6693328104166666 0.6508463984375
9 0.8003329145833333 0.565165346875 0.7682372145833334 0.5271744203125001 0.7508632 0.5386929125 0.7418606000000001 0.56006295625 0.7354482375 0.5761043421875 0.7209806166666667 0.5958928734375 0.7027857229166667 0.63047374375 0.7289105479166668 0.645125240625 0.7488748020833333 0.6282780890625 0.76198406875 0.608434146875 0.8003329145833333 0.565165346875
9 0.6592880187500001 0.68575973125 0.6349325520833333 0.6888419531250001 0.640998275 0.716260990625 0.6626686541666668 0.71442781875 0.70389228125 0.6780691890625 0.7235087604166667 0.6462634671874999 0.7057869687499999 0.64282339375 0.6859491791666666 0.6651100234375 0.6592880187500001 0.68575973125
9 0.5857485166666667 0.7330273390625 0.6451997916666666 0.7218667015625 0.6393237645833333 0.70260688125 0.60962974375 0.709547071875 0.5798724916666667 0.7137675203125 0.5857485166666667 0.7330273390625
9 0.6325331479166666 0.7607488203125 0.6551824854166667 0.7426526203125 0.6532234333333334 0.716759684375 0.6088404791666666 0.7339693171875 0.5925402708333334 0.7333043921875 0.55962369375 0.7183758421875 0.5397226729166668 0.7379427328125 0.5683744999999999 0.74454583125 0.6325331479166666 0.7607488203125
9 0.7448945979166666 0.6321914671875 0.7327326708333334 0.6344125125 0.7144745437500001 0.6662736437500001 0.7270474770833334 0.6817309046875 0.7828335708333333 0.6296633500000001 0.77531465 0.5981092921875 0.7448945979166666 0.6321914671875
9 0.822288975 0.63398999375 0.8410529583333334 0.62388678125 0.8380833270833333 0.6128970015624999 0.81963436875 0.5781799203125 0.7781262000000001 0.6022997234374999 0.7864343833333333 0.6094315359375 0.7828019541666666 0.6283034796875 0.7522238208333333 0.65558630625 0.7621116708333333 0.6722926171875 0.7863406729166668 0.6637709171874999 0.8075684291666666 0.6428995671875 0.822288975 0.63398999375
9 0.8610172104166666 0.6070396296875 0.85141504375 0.660991140625 0.8734015854166667 0.6727566656249999 0.8886584645833333 0.6285458859374999 0.8743477916666667 0.5967147765624999 0.8414944458333333 0.5845059671875 0.8610172104166666 0.6070396296875
9 0.8412754020833333 0.6918248625000001 0.80930730625 0.7176924062500001 0.7732009208333334 0.74067398125 0.7724748916666666 0.767815965625 0.8034640291666667 0.75821145 0.8412754020833333 0.6918248625000001
9 0.7731376916666667 0.7379542421874999 0.74761356875 0.749140271875 0.7331459520833333 0.7689288046875 0.7285345625 0.804063778125 0.7480257125 0.825237571875 0.7806882270833333 0.7708681687500001 0.7731376916666667 0.7379542421874999
9 0.6879737333333333 0.8105606828124999 0.6662401229166667 0.8096741156249999 0.6534458791666666 0.784697765625 0.6340507145833333 0.8260225718750001 0.7331787020833332 0.8287076640625 0.7397491458333333 0.8194656281249999 0.7321353770833333 0.7838319609375 0.7104966125 0.7870250046875 0.6879737333333333 0.8105606828124999
9 0.8155604520833334 0.6364326796875 0.8266169541666667 0.64503518125 0.81628761875 0.6677096859375 0.8261754666666667 0.6844159984375 0.8460764895833334 0.6648491062499999 0.8447170020833333 0.6063747046875 0.8155604520833334 0.6364326796875
9 0.7797069958333334 0.6702932140625 0.7897213083333334 0.692439003125 0.7802128541666666 0.6920511312500001 0.7682406229166666 0.7024313953125 0.7348509416666666 0.7255237906249999 0.7502354229166667 0.7451714828125 0.8173625604166667 0.7139452609375 0.82349038125 0.6856650453124999 0.8105380583333334 0.6538893453125 0.7797069958333334 0.6702932140625
9 0.76751345625 0.671154390625 0.7562672583333333 0.6543926671875 0.7297957958333333 0.68320159375 0.7202557208333332 0.6814538531250001 0.7125482416666666 0.7001595671875 0.6844654979166667 0.718034125 0.6932795395833333 0.746923853125 0.7303016499999999 0.7049595125 0.7581946958333333 0.678925734375 0.76751345625 0.671154390625
9 0.6550571583333333 0.795632134375 0.6703784083333333 0.8125600859375 0.6859830645833332 0.783307875 0.6963440166666667 0.76199324375 0.6878777520833333 0.74806208125 0.6690821541666666 0.7568054234375 0.6550571583333333 0.795632134375
9 0.7234794166666667 0.7617415828125 0.7071475916666666 0.7597167859375 0.6936273145833333 0.761882421875 0.6690200583333333 0.8125046749999999 0.68276164375 0.8198581296875 0.7234794166666667 0.7617415828125