10 0.7473068583333333 0.15466238593749998 0.7467235729166667 0.15788852656250002 0.77023471875 0.22220618593750002 0.78194254375 0.233417490625 0.8011618291666667 0.23169403437499997 0.8167740895833333 0.22032339687500002 0.8192571041666666 0.1542427703125 0.7473068583333333 0.15466238593749998
10 0.68453646875 0.20981502500000002 0.6714180249999999 0.20344605468750002 0.6353068333333333 0.224604459375 0.6647523750000001 0.316280790625 0.707488275 0.2999178578125 0.7372366958333333 0.28040793124999996 0.68453646875 0.20981502500000002
10 0.8380888229166668 0.270151540625 0.8914493479166666 0.2778971890625 0.9003059375 0.25850910312500003 0.8912883729166666 0.23439115156249998 0.8522959354166667 0.1846661046875 0.8328802020833332 0.1815566 0.81874404375 0.18969588906249998 0.817529875 0.1993711859375 0.8186076083333333 0.2654310484375 0.8256906916666666 0.281503434375 0.8338569770833334 0.284678546875 0.8380888229166668 0.270151540625
10 0.9086986770833333 0.3068012390625 0.9111270124999999 0.28745064375 0.8881697375000001 0.27630494687499996 0.84612414375 0.270104678125 0.8349401770833332 0.27178127343749997 0.8335950458333333 0.278234596875 0.8307028645833333 0.3652654140625 0.87609355 0.374668909375 0.8828192145833333 0.342402296875 0.89616958125 0.31493115625 0.9086986770833333 0.3068012390625
10 0.9440595541666668 0.2276379125 0.94835688125 0.21472189375 0.9523622729166666 0.155077865625 0.950689725 0.15347625 0.901674275 0.15376210937499998 0.8672833729166667 0.19746965156250001 0.8694143020833334 0.21034818125000002 0.8963714979166666 0.2408069859375 0.9283818104166667 0.237397559375 0.9440595541666668 0.2276379125
10 0.5850894854166667 0.294186215625 0.5332050583333333 0.2832092203125 0.5231997854166667 0.31388359062500004 0.51735540625 0.40737710156249995 0.5678946979166667 0.42480741875000005 0.6195581375 0.31171025625 0.5850894854166667 0.294186215625
10 0.7285192020833333 0.6591305890625 0.74832783125 0.6719060203125 0.75862504375 0.6879596593749999 0.7731541020833333 0.6894862953125 0.7933256208333332 0.671643590625 0.7977239083333333 0.6216654890625 0.8051044020833333 0.60550875 0.8037292604166667 0.5716780124999999 0.7920869166666668 0.5620776921874999 0.7519103187499999 0.5623120046875 0.7383635020833333 0.5849501828125 0.7404289458333333 0.596217721875 0.7250131354166667 0.6124213234375 0.7285192020833333 0.6591305890625
10 0.6136728145833333 0.5228339765625 0.6145595666666667 0.505103740625 0.5877988208333333 0.4794778984375 0.5506399 0.47486050312500006 0.5331586479166667 0.4797965609375 0.5241056104166667 0.49435168437500004 0.5281355375 0.55394885 0.5318735270833334 0.56681800625 0.5734252645833333 0.6004144328125001 0.5938941916666667 0.5503426046875 0.6136728145833333 0.5228339765625
10 0.4147488395833333 0.6512922921875 0.4467591541666666 0.64788286875 0.48614995833333335 0.6283167062499999 0.5231479041666667 0.589428065625 0.5205585979166666 0.565272625 0.49353591875 0.5332028328125 0.4754653166666667 0.52364000625 0.45129387708333335 0.5221696046875001 0.42328348541666666 0.5448921359375001 0.378280225 0.6241116984375 0.37719702708333336 0.6370089703125 0.39264284375 0.66108943125 0.4147488395833333 0.6512922921875
10 0.5316361333333333 0.6796152515625 0.5241601520833333 0.653876940625 0.51419035625 0.6458782375000001 0.49644717083333334 0.6443703468749999 0.40986216666666664 0.649709421875 0.39926754583333335 0.6658849046875 0.39910110625 0.7013360015625001 0.46616941666666667 0.729949509375 0.4839126041666667 0.7314573984375 0.5195654145833334 0.69902208125 0.5316361333333333 0.6796152515625
10 0.5029954520833333 0.8054691 0.5422552895833334 0.7826809640625 0.5853840854166666 0.7759839578125 0.6115254812500001 0.7468268499999999 0.6152989479166667 0.72102293125 0.6045433541666667 0.693692378125 0.5682057083333334 0.669733759375 0.54724839375 0.6682446140625 0.5176309395833333 0.690976515625 0.457705725 0.7590035187499999 0.4536048458333333 0.7767524984375 0.4646223666666666 0.8105270015625001 0.5029954520833333 0.8054691
10 0.5805929020833334 0.8162961359375001 0.6231323520833333 0.7951002421875 0.60427595625 0.7662055640625 0.5928300583333334 0.7614382078124999 0.5616055416666667 0.7841794828124999 0.53280935625 0.7875701609375 0.4981087791666667 0.8038862312499999 0.49837071041666664 0.81033018125 0.5250004916666666 0.832734046875 0.5406782333333333 0.8229743953125 0.5805929020833334 0.8162961359375001
10 0.5437259208333334 0.85840675 0.55421958125 0.879293353125 0.5953784208333333 0.9032238546875 0.6113835770833334 0.9015191437500001 0.6238471937500001 0.8917782390625 0.6583867979166667 0.8319561343749999 0.64294098125 0.807875671875 0.6183766395833333 0.796739346875 0.5437259208333334 0.85840675
10 0.16981763541666667 0.201537296875 0.11183236666666667 0.1986527296875 0.06542396458333334 0.2037574921875 0.051418766666666664 0.215118759375 0.05259745625 0.24411653437499997 0.06535301041666666 0.281103640625 0.13091521666666667 0.27266443281249997 0.18391832083333334 0.2320710796875 0.18145997916666667 0.2111376140625 0.16981763541666667 0.201537296875
10 0.7597546583333333 0.47847504531249996 0.7848128541666667 0.46221521093750007 0.78730666875 0.44447560468749997 0.7802890666666666 0.4300142046875 0.7653671104166667 0.41882164531250005 0.7476239291666666 0.4173137546875 0.6897996333333333 0.457935221875 0.6877641958333334 0.48695174531249996 0.6983233395833334 0.5094493328125 0.7361725604166666 0.49150353437499994 0.7588024229166667 0.49459429374999997 0.7597546583333333 0.47847504531249996
10 0.8148477416666666 0.5683904296875 0.8154370895833334 0.5828893171875 0.8598755375 0.6084120625 0.9019866145833333 0.616223315625 0.90290884375 0.5598200078125 0.8740471770833333 0.5615996984375 0.8701127375 0.54389758125 0.8452209833333334 0.5247063171875 0.8148477416666666 0.5683904296875
10 0.23911236249999998 0.2849243796875 0.23986815 0.26397216874999996 0.22757097708333335 0.238261975 0.19175718958333335 0.22719125624999997 0.13399837916666665 0.26942371249999997 0.13183197708333333 0.2952182578125 0.13878409583333334 0.30806866718750003 0.16302102083333334 0.31115005625 0.1720740583333333 0.296594934375 0.18948982916666665 0.2900478859375 0.23911236249999998 0.2849243796875
10 0.194185525 0.2078406609375 0.19028109166666668 0.230422603125 0.21940469166666665 0.2350868625 0.24301679375 0.2623424359375 0.26774757499999996 0.23802766250000001 0.26702726458333337 0.2203068 0.25010534791666666 0.19945768749999998 0.20792878750000002 0.1900354453125 0.194185525 0.2078406609375
10 0.21804714166666667 0.1577490453125 0.2179340625 0.15936107500000002 0.18336445208333335 0.1788991203125 0.20002443541666667 0.1933042828125 0.21917823541666664 0.1899698390625 0.24682573541666666 0.1978654453125 0.26181317291666667 0.21066899218750001 0.2688962583333333 0.226741378125 0.2786696083333334 0.22990711875 0.29543055208333335 0.20725019687500001 0.2957934395833333 0.1766320609375 0.2792644208333333 0.1654488734375 0.24049843958333333 0.1608408484375 0.23618910625 0.1576432421875 0.21804714166666667 0.1577490453125
10 0.1720740583333333 0.296594934375 0.1645626 0.3095296953125 0.19709130833333333 0.39796530625000004 0.2449758125 0.389629196875 0.24861831041666665 0.360603303125 0.24426096875 0.2929511984375 0.22953546041666667 0.28659160156249996 0.20060831041666666 0.28676030625000004 0.1720740583333333 0.296594934375
10 0 0.34192934375 0.003296872916666667 0.336252115625 0.036455868749999995 0.32155640625 0.0012669020833333334 0.2863115015625 0 0.286066884375 0 0.34192934375
10 0 0.41505831875 0.04018838958333334 0.41338269531250005 0.05534226875 0.390735146875 0.08368007499999999 0.376067553125 0.08122173333333334 0.3551340890625 0.06262727083333333 0.332683359375 0.025337385416666667 0.3248439875 0.006314547916666666 0.33140040625 0 0.3400277375 0 0.41505831875
10 0.18262773333333332 0.398049659375 0.19709130833333333 0.39796530625000004 0.19443651874999998 0.3721988796875 0.18381189166666667 0.3480903 0.15564052916666665 0.32730679375 0.12825496041666667 0.3258551375 0.10011360416666666 0.34535569375 0.094340175 0.3615030578125 0.09860202916666667 0.3872601140625 0.12188671666666666 0.40646075000000004 0.15114128333333332 0.41434698281250004 0.18262773333333332 0.398049659375
10 0.09056123958333333 0.46626411093750003 0.12673791666666667 0.44671669375 0.13900508333333333 0.432142825 0.14008828541666668 0.4192455546875 0.13474322916666667 0.40638577187499997 0.11841065833333334 0.40003554531249996 0.09666755 0.3792145484375 0.07725181666666667 0.37610504375 0.05822898125 0.3826614640625 0.04442023541666666 0.3988556890625 0.0427122125 0.4359271484375 0.05976509583333333 0.45999823749999996 0.09056123958333333 0.46626411093750003
10 0 0.49721298125 0.019225606250000003 0.49085068437499996 0.01883271041666667 0.48118475937499994 0.04474217916666667 0.4858677625 0.0679968625 0.4647843359375 0.04786081875 0.44395396875 0.04172997083333333 0.411762334375 0.03369465 0.411809196875 0 0.41499748593749997 0 0.49721298125
10 0.11958387916666666 0.50799045625 0.13417842083333334 0.5111280796875 0.20718660208333334 0.48814312031249996 0.23372089375000002 0.46865193749999995 0.2340837854166667 0.438033803125 0.22185209583333335 0.413934596875 0.21014426875 0.402723290625 0.18571089375 0.3948089390625 0.16508099583333333 0.40137473124999995 0.13907056458333333 0.4337538140625 0.10482836666666667 0.4613467953125 0.1010549 0.4871507140625 0.11958387916666666 0.50799045625
10 0.25218438958333333 0.4878806921875 0.27714162708333334 0.50868294375 0.291766175 0.552104625 0.30140855833333335 0.5520483921875 0.3045271958333334 0.5101346 0.3272880229166667 0.516447334375 0.37144000416666667 0.41628493281249995 0.3691781125 0.4001844296875 0.34848273125 0.4051392359375 0.3301147229166667 0.4278055296875 0.2890513708333333 0.4457700765625 0.25152956249999997 0.47177081562499995 0.25218438958333333 0.4878806921875
10 0.140999575 0.5207565125 0.10928667083333334 0.4919368140625 0.10804249583333334 0.46132805 0.09518598333333333 0.46140302968749997 0.0584199625 0.466451559375 0.03709975833333334 0.49558055 0.044379289583333335 0.5164858984375 0.08979998333333333 0.5661734546875 0.11144760416666667 0.5450994031249999 0.14473756458333334 0.5336256671874999 0.140999575 0.5207565125
10 0 0.5755876890625 0.019743999999999998 0.5826957171875 0.023285543750000002 0.5907319109375 0.08878226666666666 0.580681715625 0.0942937625 0.5580904015625 0.030606020833333334 0.494007053125 0.009583222916666667 0.49090691875000003 0 0.495867175 0 0.5755876890625
10 0.15148776458333335 0.6206002500000001 0.18861667708333335 0.584933584375 0.20308025208333333 0.584849234375 0.19947322708333332 0.5752020546875001 0.157790525 0.5383836515625 0.13342263333333332 0.5320802875 0.11433431666666666 0.5370257203125 0.09435924583333333 0.5597013875 0.08969902708333333 0.603235540625 0.10012720416666668 0.6225111562500001 0.135613575 0.6255269375 0.15148776458333335 0.6206002500000001
10 0.04777892916666667 0.679214384375 0.06030802708333333 0.671084465625 0.06414697708333333 0.6468915359375 0.09838917500000001 0.6192985531249999 0.09547245208333334 0.5870881765625 0.07753281875 0.5807473234375 0.03755266875 0.5858145953125 0.012363510416666666 0.59885245625 0.01373865 0.6326831953125 0.027446437499999997 0.6535510515625 0.03895781458333333 0.6599293953125 0.04777892916666667 0.679214384375
10 0 0.62167485 0.01295285625 0.61335134375 0.01242899375 0.60046344375 0.021743960416666666 0.5923522718750001 0.021416547916666664 0.5842973328125 0 0.5753770796875 0 0.62167485
10 0 0.7351739546875 0.04006555416666667 0.7662733187499999 0.05613619375 0.76617959375 0.07470065000000001 0.7483462624999999 0.08034311041666667 0.7289769203125 0.05286205208333334 0.6856302171875 0.05856999583333333 0.6678718640625 0.040237464583333334 0.651865084375 0.030595083333333332 0.65192131875 0.017083741666666666 0.635886425 0.0041617458333333334 0.6343504156249999 0 0.6368896109375 0 0.7351739546875
1 0.5185231604166667 0.594289146875 0.4892331208333333 0.6250759859375 0.48962601666666666 0.6347419109375 0.5192734770833334 0.6522940703125 0.5345228458333333 0.67154156875 0.5617774520833334 0.6697712484375 0.6548862020833333 0.7062897328125 0.7149369104166666 0.720441840625 0.7486852520833334 0.7202450171875 0.7580002208333333 0.712133846875 0.7602321062499999 0.6879502875 0.7497384479166667 0.667063684375 0.6471837625 0.6354343984375 0.5987753979166667 0.630882609375 0.5499441270833334 0.576380834375 0.5255107541666667 0.568466484375 0.5185231604166667 0.594289146875
10 0.4029831291666667 0.90756865 0.49788025416666665 0.9070152078125 0.4772769604166667 0.8845761953125001 0.43690391666666667 0.8799775437499999 0.4146669520833333 0.8865527078125 0.4029831291666667 0.90756865
10 0.27626300625 0.8825257750000001 0.35602685624999997 0.867558265625 0.3673772645833333 0.8304305718749999 0.36678791875 0.815931684375 0.36022869583333333 0.8127471984374999 0.36439505833333335 0.79660920625 0.3367475583333333 0.7887136 0.30621334375 0.7888916765625 0.2695128041666666 0.7955511921875 0.22897331875000002 0.8264036406249999 0.23034845833333334 0.8602343781249999 0.24546686041666668 0.8762599015625 0.27626300625 0.8825257750000001
10 0.24862644375 0.7167159015625 0.26407226041666665 0.7407963609375 0.28060127916666666 0.7519795499999999 0.3190398479166667 0.7485326375 0.35515103958333333 0.7273742328125 0.35699002916666667 0.6935247484375 0.3331814791666667 0.6614362125000001 0.28546341666666664 0.634321225 0.271065325 0.6360165656250001 0.2618158375 0.645738725 0.26240518333333335 0.6602376125 0.24784064791666666 0.6973840499999999 0.24862644375 0.7167159015625
10 0.19911580833333334 0.5268630562500001 0.19675295416666666 0.5478246375 0.22475787708333334 0.6040592421875 0.23787632083333332 0.6104282140625 0.2919926291666667 0.59722165 0.29343872083333333 0.553706240625 0.23716147708333332 0.513750215625 0.21620416458333333 0.51226106875 0.19911580833333334 0.5268630562500001
10 0.40381040208333335 0.8962842390624999 0.4307375895833333 0.8864589828125 0.47412831666666666 0.8862059265625 0.4790859416666667 0.81044265 0.45983665208333335 0.7718820453124999 0.43553424375 0.7671896703125001 0.4120176333333333 0.7818291453125 0.412803425 0.8011609953125 0.4048990708333333 0.8044298328125 0.3792815375 0.8464748390624999 0.382329225 0.88190719375 0.40381040208333335 0.8962842390624999
10 0.4171662375 0.7898559640625 0.4325820479166667 0.7736523656250001 0.43274848958333334 0.7382012671875 0.40224975208333336 0.6997062703125 0.39470828750000003 0.672356971875 0.3767686520833333 0.66601611875 0.3641085895833333 0.670924059375 0.35659713333333337 0.6838588234375 0.356299725 0.716087946875 0.38935776250000004 0.7384543234375001 0.3909293520833333 0.7771180234374999 0.4171662375 0.7898559640625
10 0.35207334583333333 0.6516578171875 0.3026172583333333 0.6213302281249999 0.2888085083333333 0.6375244546875 0.3071410416666666 0.6535312328125 0.3382646020833333 0.6678520453125001 0.3534484895833333 0.6854885546875 0.37227487499999995 0.6740991734375 0.39792241458333333 0.6723382265625 0.3909702958333333 0.6594878171875 0.35207334583333333 0.6516578171875
6 0.3368458541666667 0.3165817828125 0.3404174020833333 0.36490203593750004 0.38036207708333336 0.3985078359375 0.40974760625 0.40961604375 0.46451874583333336 0.41251935624999997 0.5026953833333333 0.40262849218749996 0.5167660604166666 0.3928782140625 0.5195872916666667 0.3831935453125 0.5220511020833334 0.325169875 0.4944090708333333 0.238317134375 0.49342682708333335 0.21415232343750001 0.39930036041666667 0.19214209843750002 0.36981387083333334 0.2180959765625 0.3565289875 0.24717810468749998 0.3368458541666667 0.3165817828125
6 0.6406518854166666 0.2374642421875 0.6400625395833334 0.22296535468749998 0.6493120291666667 0.21324319374999998 0.6456395208333333 0.2019850265625 0.5686549208333334 0.1557042890625 0.40956834583333335 0.1566320875 0.39549688541666667 0.17766195625 0.39588978333333336 0.18732788125 0.4869985708333333 0.2141898125 0.48952239583333335 0.2367342640625 0.5199856583333333 0.313902334375 0.52634843125 0.3122538578125 0.5350740541666668 0.2896437984375 0.5510137291666666 0.286328096875 0.6079812770833333 0.30372092500000003 0.617951075 0.311719628125 0.6218200291666667 0.32781075937500004 0.6442534416666666 0.32606855625 0.6694426020833333 0.31303069687499996 0.6406518854166666 0.2374642421875
6 0.7913065895833333 0.463788709375 0.82957871875 0.49579289375 0.8335786395833333 0.5151059984375 0.8651605791666667 0.5407037234375001 0.8690295354166667 0.556794853125 0.8854275916666666 0.5647560671875 0.8998256812500001 0.5630607265625 0.9137954 0.5903725359374999 0.9623702083333333 0.559473228125 0.9739170625 0.5271784953124999 0.9846164541666667 0.5135805953125 0.9810541895833332 0.42594287187499996 0.9791720979166667 0.419186096875 0.9706783979166667 0.40795604531249996 0.9477211229166667 0.396810346875 0.9106931708333333 0.3954149265625 0.8597609791666667 0.36831868437500004 0.80974555 0.3637762671875 0.7986270666666667 0.3670638515625 0.7896395125000001 0.3832299609375 0.76740255 0.3898051234375 0.7686467229166667 0.4204138890625 0.7838306104166667 0.4380504 0.7913065895833333 0.463788709375
6 0.9127340749999999 0.2874412703125 0.8987588875 0.339086596875 0.9040684645833333 0.390619453125 0.9172523895833333 0.39859941249999997 0.9609705291666667 0.40640129375 0.9810410916666666 0.4256206734375 0.9768019395833334 0.32133042968750003 0.9534345333333333 0.3000948609375 0.92719765 0.28735691874999997 0.9127340749999999 0.2874412703125
6 0.5673353604166667 0.4505925921875 0.5877333354166667 0.47786691093749994 0.6092145124999999 0.4922439578125 0.6345346374999999 0.482428071875 0.6545097083333334 0.4597524046875 0.7133162458333333 0.44329574843749997 0.7602839895833333 0.4124058125 0.7199164125 0.3288500265625 0.70338739375 0.31766683906250004 0.6711806333333333 0.3162433 0.6171298041666666 0.3310608515625 0.6017794770833333 0.3488754390625 0.5693053145833333 0.41996508437499996 0.5673353604166667 0.4505925921875
6 0.7750859166666667 0.2624621296875 0.77049665 0.2286501375 0.7470155104166667 0.20461653750000003 0.7283855729166666 0.22083888125 0.7289094354166666 0.23372678125 0.7178564375 0.2386253515625 0.7166422708333333 0.2483006515625 0.7371712125 0.27879694375 0.7187377208333333 0.2998522515625 0.71476780625 0.32082320625 0.72378536875 0.3449411578125 0.7629087729166667 0.3978881796875 0.7636945666666667 0.41722002968750005 0.7751404625 0.4219873859375 0.8204356583333333 0.3894958328125 0.8185011791666666 0.38145026875 0.8289648333333334 0.36205281093749997 0.8316250916666666 0.3088621046875 0.8226730145833333 0.286355140625 0.7750859166666667 0.2624621296875
6 0.8058083041666666 0.860101015625 0.8665493208333334 0.8516899265625 0.8958038833333333 0.859576159375 0.9452954520833334 0.851230675 0.9774416916666666 0.83936164375 0.98443855625 0.5988950562500001 0.9130396145833333 0.611324746875 0.8528224625 0.6326237359375 0.7918195166666667 0.634590878125 0.7806000750000001 0.674940546875 0.7554763979166667 0.6895893921875 0.7436321375 0.754113246875 0.72194904375 0.8138603734375 0.7227348354166666 0.8331922234375 0.7669768395833334 0.8538820046875 0.8058083041666666 0.860101015625
6 0.6738899666666666 0.501534984375 0.6596883229166667 0.5080632859375 0.5972692916666666 0.593829896875 0.5900197666666667 0.6132086109375 0.59575771875 0.6357343171875 0.68453913125 0.6448847578125 0.6923780020833333 0.6400049328125 0.6887709750000001 0.6303577515625001 0.7206503249999999 0.623726353125 0.7361971 0.610744728125 0.7540412458333333 0.5751905328125 0.7633262083333333 0.5267953000000001 0.7577192208333333 0.5074915671875 0.7379760729166667 0.496327121875 0.7125904666666667 0.5045320203125 0.6738899666666666 0.501534984375
6 0.22304438541666669 0.720087834375 0.23222838958333333 0.7087546875 0.23843019166666668 0.663600175 0.23803729375000002 0.6539342484375 0.22665687916666669 0.65077788125 0.20441991666666667 0.6573530453124999 0.15938665 0.6962885484375 0.07981924791666667 0.716089021875 0.07463516666666667 0.7467352734375 0.08073053958333333 0.8175999796875001 0.09424187916666667 0.8336348765625001 0.11559208958333334 0.844789946875 0.13809098333333333 0.8446587328125 0.16098277708333333 0.8541934437500001 0.21784936666666666 0.9086483578125 0.29739902916666666 0.9081844218749999 0.30423792083333334 0.89847631875 0.3082467125 0.90812115625 0.3627146979166667 0.9078034984375 0.3589435770833333 0.8997686437500001 0.3379207791666667 0.8966685109375 0.31932631666666667 0.8742177812499999 0.3037795395833333 0.88719940625 0.2971548375 0.8824039328125 0.26668610625 0.8841929984375 0.24540137916666668 0.8746489140625 0.23195552083333335 0.8602250046875 0.23025296458333333 0.8183393296875 0.21500359791666668 0.7990918328125 0.21254525624999998 0.7781583671875001 0.21871158125 0.7716769265625001 0.216122275 0.7475214859375 0.22304438541666669 0.720087834375