7 0.8271926395833333 0.6361963296875001 0.8048425979166667 0.63828099375 0.7524624104166667 0.670148884375 0.750616425 0.6832755984375 0.7411148187500001 0.6914439765625 0.7352806958333333 0.7060158296875 0.7096127791666667 0.7251971953125 0.6998974041666667 0.7385979859375 0.6993095416666667 0.752987121875 0.7147276625 0.76028758125 0.7225970520833334 0.7600135 0.7537784375 0.7341089015625 0.7777072541666666 0.72543804375 0.8104139729166667 0.6942553499999999 0.8440581666666667 0.6721836999999999 0.8422366666666666 0.6526535124999999 0.8306463541666667 0.64783221875 0.8271926395833333 0.6361963296875001
7 0.7520259479166668 0.55260231875 0.7187024104166666 0.56682535 0.7063639062499999 0.5803175015625001 0.68647666875 0.5862351140625 0.6858888041666666 0.60062425 0.6920190916666668 0.6108606734375 0.7329448041666667 0.6029040796875 0.7774845583333333 0.6026590640625 0.8358347104166667 0.5849519062499999 0.8855672770833334 0.585832275 0.9010388416666667 0.5918246296875 0.9404926645833334 0.587838025 0.9565444125 0.5734783015625 0.9591981208333333 0.5384576390625 0.9437281479166667 0.54070063125 0.9341731000000001 0.5501771125 0.9263037125 0.5504511921875 0.91749685625 0.54161423125 0.9017580791666667 0.5421623906249999 0.8763039333333332 0.556111340625 0.8631348416666668 0.55787624375 0.85512961875 0.5294177343750001 0.8315214541666667 0.5302399734375001 0.7520259479166668 0.55260231875
7 0.7895045833333333 0.244330153125 0.7655757666666666 0.2530010109375 0.7065553583333333 0.255056609375 0.6964124500000001 0.2789222265625 0.6961986791666667 0.284154640625 0.7481802833333333 0.29410037031249997 0.7699424625 0.30640484218749997 0.8508853729166667 0.31272940625 0.8718704041666666 0.3119985265625 0.893282975 0.30080282187499996 0.8926127166666666 0.2851512640625 0.89949119375 0.2770742453125 0.8963581333333334 0.25758973749999997 0.88219813125 0.2515517015625 0.8193499166666667 0.2511281328125 0.7895045833333333 0.244330153125
7 0.7073280416666667 0.20408626562499999 0.6815532375 0.2258838375 0.6562594166666667 0.235908478125 0.6004010229166667 0.28879738125 0.5766614854166666 0.3248927265625 0.5825780020833334 0.3403615640625 0.5942217583333333 0.3438747546875 0.6028682895833334 0.35663602499999997 0.6293667895833334 0.3491819109375 0.6963055666666667 0.281538434375 0.7092853729166666 0.2523490453125 0.751654025 0.2090736640625 0.7499394125 0.18692726875000001 0.7383491000000001 0.1821059765625 0.7225034395833333 0.18527034375 0.7073280416666667 0.20408626562499999
7 0.45010551666666665 0.28096954687500003 0.4377670125 0.294461696875 0.440900075 0.3139462046875 0.43396815624999996 0.3233313265625 0.4346384125 0.338982884375 0.5378244791666666 0.34583899218749997 0.5802220833333334 0.3339124078125 0.57676836875 0.32227651874999996 0.5934691020833333 0.298182503125 0.56745158125 0.29386368906250004 0.5534519083333334 0.28390134375 0.5181465458333333 0.28251849687499997 0.4948590395833333 0.2754921171875 0.45010551666666665 0.28096954687500003
7 0 0.64595173125 0.0656545875 0.6509634640625 0.09844370416666666 0.649821465625 0.14341099583333333 0.639111625 0.15805197499999998 0.63337673125 0.16236076458333332 0.62408296875 0.11808822083333334 0.61778746875 0.10523978333333334 0.611703753125 0.10042106458333334 0.6014216484375 0.03478939166666666 0.6050137484375 0.01811314791666667 0.5964508671875 0.0009559208333333334 0.5996609125 0 0.60233329375 0 0.64595173125
7 0.17428729166666665 0.4603873515625 0.15817442083333333 0.47009223437500003 0.17249921041666666 0.5362116578125 0.16827281666666666 0.5755461125 0.17582155208333333 0.5831206515625 0.18942263958333333 0.63489661875 0.19916696666666667 0.6528446234375 0.2261754 0.664966375 0.23404478958333333 0.6646922953125001 0.2507455229166667 0.6405982796874999 0.25039591666666666 0.6170981015625 0.23385104583333333 0.5732621140624999 0.22737115416666667 0.5395255109375 0.21331804166666668 0.53087126875 0.18467292500000002 0.46263811875 0.17428729166666665 0.4603873515625
7 0 0.336326753125 0.014588137499999999 0.33010029687500003 0.021626939583333334 0.31809896875 0.05254111458333333 0.29873488593749997 0.060891483333333336 0.286687878125 0.09175221666666666 0.268631896875 0.09046513958333334 0.236020678125 0.10165240625 0.218649896875 0.11350992916666666 0.2169306734375 0.12504679999999999 0.2230600703125 0.13596685625 0.21222980468750002 0.13628750833333333 0.2043811859375 0.14825191666666668 0.20004575624999998 0.15073920833333335 0.17122180625 0.12442552083333333 0.1420947125 0.11666301875 0.1397525875 0.09388543958333333 0.15230207499999998 0.08799787708333334 0.1681820328125 0.06789687083333333 0.17933205624999998 0.051463347916666666 0.19688555937500002 0.026654964583333333 0.25914296718749996 0 0.29577891093750003 0 0.336326753125
7 0.2548382520833333 0.21984585625 0.24886829375000002 0.205685121875 0.22766949166666667 0.2116484125 0.21538443125 0.22383246093750003 0.17917501875 0.30869306406249997 0.17379738541666667 0.3441488890625 0.18437229791666668 0.37382414218750004 0.19333948124999997 0.3787367953125 0.22904342708333333 0.3383060203125 0.24435019791666665 0.2842169921875 0.25668870208333333 0.2707248390625 0.271383125 0.2636818453125 0.27847536666666667 0.25037241250000003 0.27440483958333334 0.2217768625 0.26674921875 0.21681853125 0.2548382520833333 0.21984585625
7 0.3367788291666667 0.7146701281250001 0.32869567083333334 0.7201766203125 0.32278361666666666 0.7687134796875 0.3287580416666666 0.846879909375 0.3453274 0.8580589984375001 0.3546152375 0.8551230328124999 0.35750557708333336 0.84849115625 0.36914933333333333 0.8520043453125 0.37744625833333334 0.8412654421875001 0.37567374166666667 0.7564214546875 0.36346661041666667 0.7346405 0.3445947729166667 0.7157041515625 0.3367788291666667 0.7146701281250001
7 0.39373947916666663 0.7309736546875001 0.3630635625 0.7124484265625 0.34727134583333336 0.7143046890625 0.34579945416666663 0.718274678125 0.37216658541666664 0.74609366875 0.37797621666666664 0.7641787140625 0.43234269166666667 0.8119223953124999 0.453327725 0.8111915171874999 0.4577433979166667 0.7992815484375 0.46844968333333337 0.7936836953124999 0.46887722083333333 0.7832188703125 0.4466051125 0.7513385296874999 0.4323382270833333 0.7479167 0.4212823375 0.730014375 0.39373947916666663 0.7309736546875001
7 0.38548031875 0.1316962953125 0.37659552916666666 0.1568243359375 0.3617942229166667 0.1664835390625 0.36334851041666666 0.19255424062499998 0.39407787083333334 0.20977136718749997 0.39967373333333334 0.2330888234375 0.42127558541666665 0.2493176046875 0.42221305416666666 0.2584286484375 0.43610584166666666 0.2710072 0.45272864375000005 0.28087818593749997 0.47366023541666663 0.281455409375 0.48677588125 0.280998609375 0.4922359083333333 0.275583478125 0.4812869020833333 0.2550649453125 0.4760116916666667 0.22389886875 0.4632701395833333 0.21519894687500002 0.41789533958333336 0.13971101875 0.3987028458333333 0.1286232890625 0.38548031875 0.1316962953125
7 0.39689027916666664 0.23710449374999998 0.3888071229166667 0.2426109859375 0.3762014083333333 0.262643653125 0.35200538124999997 0.27785502812499996 0.3137851916666667 0.3157609546875 0.30364228125000003 0.339626571875 0.2680452208333334 0.377441140625 0.28539172291666665 0.40165558125 0.32995596875 0.368753665625 0.3606029333333333 0.3559300984375 0.42869294375 0.29216525 0.4374708479166667 0.2696534171875 0.4234711770833333 0.25969107187499996 0.4251033916666667 0.251796771875 0.40995248125 0.237955796875 0.39689027916666664 0.23710449374999998
7 0.3097525395833333 0.44652559375 0.31119994166666665 0.475212503125 0.3291343083333333 0.48503780937499996 0.39907477083333337 0.47215194531250004 0.42704516458333336 0.460727840625 0.43368091875000003 0.4265344390625 0.42535503958333337 0.40592454843750003 0.39529594166666665 0.40435897968749995 0.34858954583333335 0.42557932656249997 0.31952135625 0.4318166984375 0.3097525395833333 0.44652559375
7 0 0.3426548046875 0.006747702083333334 0.3617231734375 0.046070150000000004 0.393009675 0.07615820416666666 0.4259240390625 0.10704789166666666 0.43921685312500003 0.15025159166666666 0.4716744171875 0.17543852916666666 0.46426598124999996 0.180952 0.457542746875 0.15793169999999998 0.44397585156249997 0.11370813541666666 0.3723665515625 0.053318258333333333 0.3117702375 0.03642824375 0.3084397671875 0 0.337330228125 0 0.3426548046875
7 0 0.43241633124999995 0.019066179166666666 0.44489361875 0.04770683125 0.44912107187499994 0.11304680416666667 0.48472638593750006 0.11965806666666667 0.4831898828125 0.13210345416666666 0.46708152500000005 0.13362878958333332 0.46180343125 0.12733817708333334 0.45549131562499995 0.10447820416666667 0.43800011093749996 0.07741632708333333 0.4271864609375 0.0018220979166666668 0.354057275 0 0.352877153125 0 0.43241633124999995
7 0.26219107291666666 0.48867559062500004 0.26160320833333334 0.5030647265625 0.25073659583333335 0.5125868875 0.25041594375 0.52043550625 0.26058780833333334 0.5279186859375 0.2612580666666667 0.54357024375 0.2832874541666667 0.5493342 0.345037875 0.5445710359375 0.3586345 0.53234130625 0.3915839395833334 0.5272749984375 0.39621338333333334 0.5101326171875 0.39134121875 0.501158615625 0.3705165125 0.4979651859375 0.34224995416666665 0.484581009375 0.26219107291666666 0.48867559062500004
7 0.4050981708333333 0.48500457812500003 0.3927596666666667 0.498496728125 0.39988086458333333 0.51653609375 0.4481949875 0.520078346875 0.4739452979166667 0.5309376765625 0.5158084833333334 0.5320921249999999 0.55384385625 0.5307674046875 0.56329201875 0.5239071296875 0.5638264395833333 0.5108260984374999 0.5554471229166666 0.491524309375 0.5376730791666666 0.47777469375 0.4815430145833333 0.4731984171875 0.4325875854166667 0.48535340156249995 0.4050981708333333 0.48500457812500003
7 0.45229447083333335 0.5800226921875 0.47196793958333333 0.57933749375 0.4925788770833333 0.5877633375 0.5045967291666666 0.582119803125 0.50491738125 0.574271184375 0.4766218729166667 0.5295382140625 0.44824843124999997 0.5187702453124999 0.39573240416666666 0.521905546875 0.3971798041666667 0.5505924546875 0.40215885208333335 0.5569502515625 0.45229447083333335 0.5800226921875
7 0.3723179833333334 0.6141579671875 0.4060980083333333 0.6208189078124999 0.41370018541666664 0.6270853437499999 0.4465961833333333 0.6233271375 0.46343275624999997 0.6279657109375 0.4767087291666667 0.6235846031250001 0.4813916125 0.6051341171875 0.46214568125 0.595354490625 0.43572511041666667 0.5688436046875001 0.38374350625000003 0.5588978734375 0.3621706083333333 0.5740178890625 0.3609414375 0.6041042625 0.3723179833333334 0.6141579671875
7 0.7556555520833333 0.3996456078125 0.739916775 0.4001937671875 0.6944150645833334 0.42398464062499996 0.6654537583333333 0.4276058046875 0.6492874458333334 0.438618790625 0.61880080625 0.44751804999999995 0.6118154458333334 0.45821127500000003 0.5865216229166667 0.46823591562500005 0.576966575 0.47771239843749996 0.5766459208333334 0.4855610171875 0.5879690249999999 0.49692282499999996 0.5883186312500001 0.520423003125 0.5947161270833334 0.5241189125 0.6105617854166667 0.520954546875 0.6549122604166667 0.49328504375 0.68818235625 0.4803701171875 0.7101293479166666 0.4560933796875 0.7663907895833333 0.42539655156249995 0.7705926937500001 0.4187189953125 0.7683971020833333 0.4083455296875 0.7556555520833333 0.3996456078125
7 0.17272636875 0.72299633125 0.16962226041666667 0.7348606203125 0.19663069583333334 0.7469823718749999 0.21172816458333335 0.76213145 0.27005382291666663 0.7770811921874999 0.3044217125 0.7693529984375 0.3131996166666667 0.7468411640625 0.30728310208333337 0.7313723265625 0.29574623125 0.7252429296875 0.24218584999999998 0.721883396875 0.22419804166666665 0.71336619375 0.18490454583333332 0.7134284890625 0.17272636875 0.72299633125
7 0.3408894125 0.5499404890624999 0.32499031041666665 0.5544129578125 0.33757153333333334 0.5670371890625 0.33524456875 0.5919368296874999 0.31078133125 0.6136887203125 0.31266073541666667 0.6959164999999999 0.3184703645833334 0.7140015453124999 0.32738410833333337 0.7202223 0.3367253854166667 0.71597823125 0.35361539999999997 0.7193087015625 0.367212025 0.7070789734375 0.36900456875000004 0.6952603640625 0.37063232291666665 0.6233603703124999 0.3536599145833333 0.5899892078125 0.34985659583333334 0.554853140625 0.3408894125 0.5499404890624999
7 0.24416984583333334 0.384803896875 0.22974263541666667 0.3853063765625 0.2216060375 0.392120971875 0.21933251458333333 0.4157125078125 0.24955640416666666 0.47735946093750004 0.26486764375 0.487276128125 0.308149275 0.4857686890625 0.3116274770833333 0.464747678125 0.3048803770833333 0.43755159218750006 0.29602007916666667 0.4300227328125 0.2805730020833333 0.3913734765625 0.26542209166666664 0.3775325015625 0.2511552083333333 0.37411067187499997 0.24416984583333334 0.384803896875
7 0.227765275 0.43370619374999997 0.22803248541666665 0.4271656765625 0.23710655625000002 0.429462125 0.23726688125 0.4255378140625 0.22420467708333333 0.4246865125 0.21976005208333332 0.40524768437500003 0.2257545 0.38675151875 0.24810453958333334 0.3846668578125 0.2539386625 0.3700950015625 0.23868086458333335 0.3588702328125 0.22567210624999998 0.356710825 0.21097768333333333 0.363753821875 0.21108903124999998 0.4251433109375 0.20046514166666668 0.46078185625 0.20849931875 0.5205891625 0.21840397083333332 0.5346128578125 0.22616647499999998 0.536954984375 0.2433236979166667 0.5337449390625 0.25020217499999997 0.5256679203125 0.25215504583333337 0.5099250015625 0.26029164374999997 0.50311040625 0.259354175 0.49399936406249995 0.24551482708333333 0.4801127078125 0.24982361458333333 0.470818946875 0.227765275 0.43370619374999997
7 0.8095900270833333 0.39384841875 0.8093228145833333 0.4003889359375 0.8221178083333334 0.4077807546875 0.8145980270833333 0.43155501249999995 0.8244492354166667 0.44688681093750005 0.8148941895833333 0.45636329218749994 0.83909468125 0.5051576140625 0.8466968583333333 0.5114240484375 0.86128439375 0.5069972593750001 0.86770638125 0.4780362703125 0.8733512229166667 0.43603992812500003 0.8702960916666667 0.38259041875 0.8596677375 0.35422326875 0.8269320666666666 0.3540571640625 0.8160654541666666 0.36357932656249997 0.8095900270833333 0.39384841875
7 0.57045773125 0.41262699999999997 0.5499002354166667 0.402893053125 0.5414674729166666 0.38489936875 0.5430996895833334 0.37700506875 0.5689279354166668 0.3538993953125 0.5693554729166667 0.3434345703125 0.5577651604166667 0.3386132765625 0.5443288604166666 0.34691869531249997 0.5178838 0.353064709375 0.5132543604166666 0.3702070890625 0.5355019791666666 0.43474432968750004 0.53496755625 0.44782536093749997 0.5497978145833333 0.46951495468750004 0.572098875 0.5327440906249999 0.5865260854166666 0.5322416109375 0.5999623854166667 0.5239361921875 0.5883186312500001 0.520423003125 0.57402279375 0.4856523765625 0.5742900020833334 0.47911186250000004 0.58919819375 0.466836453125 0.5932108208333333 0.4327344109375 0.57045773125 0.41262699999999997
7 0.41993735833333334 0.6347055625 0.40593768333333335 0.6247432171875 0.38227607708333333 0.6268735609375 0.36999101666666667 0.639057609375 0.36672658125 0.65484620625 0.3712246520833334 0.67297693125 0.38265463541666667 0.681722534375 0.40232810625 0.681037334375 0.41439939791666663 0.6740856984375 0.4351706625 0.6785872328125 0.4671826354166667 0.6644098796875 0.47186551875 0.645959396875 0.4358899020833333 0.6289249906250001 0.4253973833333333 0.6292904312500001 0.41993735833333334 0.6347055625
7 0.3865893291666667 0.68158549375 0.36857703125 0.705725190625 0.3696748270833333 0.7109119234375 0.40308075833333334 0.7267295859375 0.43439798333333335 0.7295575765625 0.46014829583333333 0.7404169046875 0.48134709583333335 0.7344536125000001 0.48565588541666666 0.72515985 0.47559090833333334 0.7150604640625 0.46132402083333335 0.7116386343750001 0.43501033541666667 0.6825115421875 0.41838753333333334 0.6726405546875001 0.40101653958333333 0.6810830140624999 0.3865893291666667 0.68158549375
7 0.30350873333333334 0.7275850562499999 0.31204837916666667 0.7429625343749999 0.30436827083333334 0.7706611015625 0.28180446458333336 0.7779781765625 0.2878278645833333 0.7908308093749999 0.2897317541666667 0.840401690625 0.29853861249999997 0.8492386515625 0.31454459791666667 0.8421499750000001 0.324872325 0.78170315 0.32858878750000003 0.722792828125 0.31967504583333334 0.7165720703125 0.31150949583333337 0.692037871875 0.28086252916666665 0.7048614390625 0.28431624583333337 0.716497328125 0.30350873333333334 0.7275850562499999
7 0.3501727833333333 0.48299882656250004 0.36543057916666666 0.49422359531250004 0.38767373541666666 0.49475513906249996 0.41438600833333333 0.4820686109375 0.4603442104166667 0.479161709375 0.5002255708333333 0.464710278125 0.5044809166666666 0.45672461875000003 0.49433354166666665 0.416584540625 0.4493128104166667 0.4286024859375 0.4255732729166667 0.46469783124999997 0.3501727833333333 0.48299882656250004
7 0.13634987708333332 0.331084475 0.13051575416666666 0.34565632812499997 0.11346541458333334 0.3462501671875 0.11068196041666667 0.3502658375 0.11480593333333333 0.377553284375 0.15662013541666667 0.44402153125000005 0.180952 0.457542746875 0.19966350833333332 0.4804034046875 0.20501665208333333 0.47760447812500006 0.20236457083333334 0.4463470421875 0.21087526458333333 0.4303757234375 0.20953474583333334 0.3990726078125 0.18573730416666667 0.3724703609375 0.17757175416666668 0.3479361578125 0.16761365833333333 0.33522056718750004 0.13634987708333332 0.331084475
7 0.25331521041666666 0.6418150234375 0.28238339999999995 0.63557765 0.32421763124999997 0.6053833015625 0.336609575 0.590583046875 0.33642029791666667 0.5631585593749999 0.31733468958333333 0.5494546234375 0.29356620208333334 0.5542011734375001 0.2523487875 0.601355184375 0.25331521041666666 0.6418150234375
7 0.23747401458333334 0.708985084375 0.24633431458333332 0.71651394375 0.28086252916666665 0.7048614390625 0.31340892291666667 0.67760305625 0.31129126458333334 0.6332645875 0.30636565625 0.6255986890624999 0.28243684166666666 0.6342695468749999 0.26578955 0.6570554609375 0.25264941458333334 0.6901691609375 0.23747401458333334 0.708985084375
7 0.7149770229166666 0.49772428281250003 0.7171191708333333 0.5094058515625 0.7060387916666666 0.524160425 0.6884540291666668 0.537835296875 0.6672017854166667 0.5451066906250001 0.6307206979166666 0.5725021140625 0.6165362104166667 0.599120978125 0.6200433666666666 0.6094487625 0.6305893250000001 0.6077752203125 0.6642335145833334 0.5857035703125 0.7161327229166666 0.56560860625 0.7458422208333333 0.5436739968750001 0.7638010770833333 0.520842403125 0.76213990625 0.49738790625 0.7453567770833334 0.4914412296875 0.7149770229166666 0.49772428281250003
7 0.6146033645833333 0.5182013000000001 0.5952260604166667 0.5436947796875 0.5832082083333333 0.5493383140625 0.5779909020833334 0.5808698296875 0.5830768354166668 0.58461141875 0.6053734333333334 0.583834859375 0.7005787645833333 0.5295755578125 0.7170122875 0.51202205625 0.7096773208333332 0.49921510468749997 0.7114698666666667 0.48739649687500003 0.6947401770833334 0.48014171718750004 0.6709182458333333 0.48619636875000005 0.6146033645833333 0.5182013000000001
7 0.6685167833333333 0 0.66818148125 0.008207165625 0.6582523375 0.02684036875 0.6454083666666667 0.08476235 0.6340073333333333 0.10736554375 0.6221542729166667 0.1730904625 0.6217556875 0.2149040828125 0.6291975395833334 0.2250948296875 0.6476663270833334 0.221839103125 0.6553219458333334 0.2267974375 0.6645028979166666 0.2264776765625 0.6753160687499999 0.21826361875 0.6826755208333334 0.19841367031249998 0.7025827875 0.0958334625 0.6978175083333333 0.084243253125 0.7044989666666667 0 0.6685167833333333 0
7 0.11094024166666668 0.21571393125 0.10301741458333334 0.2172961125 0.08910013333333335 0.2373744609375 0.10042770208333333 0.312741965625 0.11105605416666667 0.341109115625 0.13209452916666667 0.3390701328125 0.13897300625 0.3309931140625 0.16646242083333332 0.3313419375 0.16222709999999999 0.24266500156249998 0.13984810625 0.21340086875000003 0.13061371041666667 0.21502873125000002 0.1237352375 0.22310575 0.11094024166666668 0.21571393125
7 0 0.571142996875 0.009626941666666666 0.579765284375 0.030665416666666667 0.5777263031250001 0.03623232916666667 0.5696949640625 0.09846372916666667 0.55315886875 0.09774002916666666 0.538815415625 0.08264256041666668 0.5236663375 0.08874389375 0.502553965625 0.07300511666666668 0.5031021250000001 0.039521254166666665 0.5212494671875 0.01596653333333333 0.5207636015625 0.0012721125 0.5278065984375 0 0.5290682515625 0 0.571142996875
7 0.08149132083333334 0.5197877078124999 0.08499847916666667 0.5301154921875 0.10381687291666666 0.55035994375 0.12081377083333332 0.5510742078125 0.16155466666666665 0.579698821875 0.17073561875 0.5793790624999999 0.1732229125 0.5505551109375 0.16559178333333333 0.5129398796875 0.12999025833333333 0.486748753125 0.10517741666666666 0.48500046562500004 0.10081518541666666 0.49560233125 0.08601387916666667 0.5052615328125001 0.08149132083333334 0.5197877078124999
7 0.28554312291666667 0.2697198796875 0.27347183125 0.27667151562500003 0.26455809166666666 0.27045075937499996 0.2553236958333333 0.2720786234375 0.24140641666666665 0.2921569703125 0.23241474583333332 0.31990121718750003 0.23364837916666667 0.3538205390625 0.25656179166666665 0.37000364218750004 0.28174872916666666 0.36259520625 0.2931497645833333 0.3399920125 0.3024910416666666 0.3357479421875 0.30029545208333336 0.325374478125 0.3092336833333333 0.298938334375 0.29665245625000003 0.286314103125 0.2957684291666667 0.27589495625 0.28554312291666667 0.2697198796875
7 0.5632006979166667 0.36585504375 0.5416278 0.380975059375 0.54141403125 0.38620747187500004 0.5512652416666667 0.40153927031250003 0.6136079895833333 0.4463926671875 0.6346464666666667 0.4443536828125 0.6600471729166667 0.431712834375 0.6630443979166666 0.422464753125 0.6408791729166666 0.38796820625 0.6318051041666667 0.385671759375 0.5978357979166666 0.3515863328125 0.5746017291666666 0.3432518515625 0.5632006979166667 0.36585504375
7 0.647223225 0.39297221875 0.7072879875000001 0.3974114578125 0.7284867895833333 0.391448165625 0.7382266520833334 0.3453904734375 0.7293129125 0.3391697171875 0.6496815645833334 0.3327994734375 0.6105239083333333 0.361594359375 0.6125057291666667 0.3772002375 0.6229448041666666 0.3781429 0.647223225 0.39297221875