4 0.6429220666666667 0.31013800156250004 0.6100574145833334 0.2862871265625 0.5975011583333333 0.2856272046875 0.5817103229166667 0.30692088281249996 0.5977858541666666 0.323568340625 0.5971911958333334 0.3314383703125 0.5721020979166667 0.350663103125 0.5798542416666667 0.373194134375 0.5797821395833334 0.4158572875 0.60225473125 0.4312606984375 0.6197574479166666 0.42902007812500004 0.6311712145833333 0.48650921093750005 0.6647728770833333 0.5214606203125001 0.6829891833333334 0.509775959375 0.705533875 0.48251621875 0.7046545187500001 0.45244511562499995 0.7197317625 0.440595475 0.7170450104166667 0.4135898953125 0.69333626875 0.3728374 0.6429220666666667 0.31013800156250004
4 0.5502944145833334 0.38902338125 0.5532677166666667 0.34967322031250003 0.5333882125 0.2790970953125 0.51089220625 0.2431491109375 0.49928740624999995 0.2298971375 0.4580993666666667 0.2119298375 0.4473739208333333 0.22874896875 0.4636873166666666 0.2422484125 0.47229539791666664 0.274305971875 0.4944111958333333 0.2944314 0.5083459479166667 0.33941097343750004 0.5057294458333333 0.3740391140625 0.49897558750000004 0.38000518125 0.49731054166666666 0.40204126875 0.48406410833333335 0.4313699609375 0.4472025958333333 0.5021244515625 0.42175670416666666 0.5260712015625 0.42273157916666665 0.5340237234375 0.44979383333333334 0.5512486125 0.47210066041666665 0.5271368812499999 0.5092000333333334 0.4532343765625 0.5424701708333333 0.40915550468750006 0.5502944145833334 0.38902338125
4 0.2917037104166667 0.28693818125 0.27443886041666665 0.2860307890625 0.26273854583333334 0.2948973953125 0.23967129375 0.2873640171875 0.22530764166666667 0.28976961874999996 0.18804250416666665 0.32415698125 0.18278607916666667 0.3728686921875 0.18934890208333333 0.4111397859375 0.2387414 0.42479751875 0.25191573125 0.43813198125 0.2849948333333333 0.43829026718749997 0.33626682708333333 0.4062193203125 0.34275940416666667 0.382856696875 0.3398113708333333 0.33845455625 0.31681622291666667 0.2882580234375 0.3032850958333333 0.27964557968750003 0.2917037104166667 0.28693818125
4 0.332933025 0.658885253125 0.36080438541666665 0.6445475218750001 0.3574761458333333 0.5843228265625 0.4112457104166667 0.5191977453125001 0.40905810416666666 0.5064407140625 0.38827397708333333 0.4895457859375 0.35983136875 0.5322981234374999 0.33595500833333336 0.5563273640624999 0.31764318541666664 0.5901306046875 0.31214889791666667 0.6419903265625 0.3219463020833333 0.6583078203125 0.332933025 0.658885253125
4 0.14610633125 0.9208703984375 0.3187567 0.8256474421875 0.33176526666666667 0.7994667640625 0.32475013125 0.78803626875 0.3094116083333333 0.782489346875 0.24353809791666667 0.8201139078124999 0.15110147916666666 0.8547621281250001 0.11744546666666666 0.8830933984374999 0.11665824999999999 0.8935118234375 0.11844941666666667 0.9115155421875001 0.12715301666666667 0.9214545234375 0.14610633125 0.9208703984375
4 0.49799886458333337 0.47634953125 0.4666784708333333 0.5363334484375 0.46886607916666667 0.54909048125 0.5227293104166667 0.5661436953125001 0.5509808833333333 0.5676285187500001 0.5736679229166667 0.5593393437499999 0.58027943125 0.5344027109375 0.57202814375 0.49762313125 0.59928143125 0.4706108578125 0.60926986875 0.44269119375 0.6024925958333333 0.4281126859375 0.5750735479166666 0.41560981718749995 0.5472255979166667 0.450492121875 0.5131950375 0.46292588593749995 0.49799886458333337 0.47634953125
4 0.45431324791666666 0.4914363671875 0.49298215833333336 0.417616353125 0.49417147708333337 0.4018762890625 0.4831613375 0.380754284375 0.4561225 0.3840739703125 0.43812063958333336 0.37206604374999996 0.4034720041666667 0.37182526562499996 0.37883522291666666 0.364209396875 0.3549588625 0.3882386375 0.35101069166666665 0.4196362765625 0.38161563750000005 0.473393271875 0.42694102916666665 0.5200226484375 0.45431324791666666 0.4914363671875
4 0.6576369541666666 0.6159010046875 0.68032399375 0.607611828125 0.7029876166666666 0.5787780796875001 0.7082674583333334 0.55061094375 0.6938803916666667 0.5324719703125 0.6797546020833334 0.531729559375 0.6587560291666666 0.5385272203125 0.6543087104166666 0.555676309375 0.6245344354166666 0.59519814375 0.625390375 0.6047246734375 0.6357824395833334 0.6131721375 0.6576369541666666 0.6159010046875
4 0.63751588125 0.7570666421875 0.65392479375 0.74844750625 0.6442463229166666 0.7305560046874999 0.6261255291666666 0.7201220828125 0.60291593125 0.6936181375 0.6193014270833334 0.6644544265625 0.61915908125 0.645483859375 0.6325478583333334 0.6351257359375 0.62636525 0.6126771953125 0.5745472770833333 0.5894104453125 0.5572590104166667 0.5679584796875 0.52213465 0.574013728125 0.476475875 0.5526509468749999 0.44460950833333335 0.5572971671875 0.43504996874999996 0.5378316578125 0.41186378541666663 0.5318722859375 0.3802587 0.5539150703125 0.3559066125 0.5842403359375 0.35471729166666666 0.5999804 0.3670825145833333 0.64487748125 0.4125268395833333 0.68993285 0.4422290145833333 0.6930741703125001 0.48379726875 0.7268640234375 0.49164492916666663 0.7272764734375 0.4993502416666667 0.7087183578125 0.5302417333333334 0.6961196140625 0.5582554458333333 0.7007524515625 0.5535702666666666 0.7210495546875 0.5713342604166667 0.73620549375 0.5779691833333334 0.731813434375 0.5788017083333333 0.7207953890625001 0.6064820395833334 0.7506948203125 0.63751588125 0.7570666421875
4 0.18373568333333334 0.46457351406249997 0.24706293541666666 0.52321081875 0.2712474041666667 0.5576672859375 0.2908187958333333 0.569757703125 0.32111563125 0.565028990625 0.323065375 0.5809340375 0.38936777916666665 0.4959243015625 0.39020030208333334 0.48490625625000006 0.3732688333333333 0.45873227187500004 0.36009450416666666 0.44539781093749997 0.29959634791666667 0.432736653125 0.25505479375 0.43829696250000005 0.2300378 0.41485853749999996 0.19272583125 0.4081567546875 0.18057320416666667 0.44386396093749997 0.18373568333333334 0.46457351406249997
4 0.4143903354166667 0.2064721015625 0.3800984958333334 0.201509303125 0.3605739375 0.23050803437499998 0.3674701416666667 0.24351253593750002 0.3639976979166667 0.26861414843750003 0.3395032625 0.279968846875 0.33025183333333336 0.31898904687499996 0.3381697395833333 0.3810352203125 0.3514630020833333 0.3927956765625 0.37824056041666665 0.372079428125 0.42532652083333333 0.37455413437499996 0.45286450208333334 0.38548299531249997 0.5019957208333333 0.38174416718750004 0.5070611125 0.37726961718749996 0.5077278729166667 0.32673643124999996 0.4948869229166667 0.288135375 0.47567232708333335 0.2713229390625 0.46295030833333334 0.2311478765625 0.4143903354166667 0.2064721015625
4 0.5490816791666667 0.38421887187500003 0.5409006395833333 0.4090730140625 0.5016136541666667 0.47021848593750004 0.5487951291666667 0.45057461249999997 0.5769998729166667 0.4109702875 0.5802110375 0.36847211562500004 0.5668943583333333 0.33616708281249996 0.5432090312500001 0.315959165625 0.5490816791666667 0.38421887187500003