9 0.28605565208333333 0.879162571875 0.3506141916666667 0.930668440625 0.3575754354166667 0.9431116812499999 0.3747316208333333 0.9429847656250001 0.39577453125 0.9145656000000001 0.4311840416666667 0.8140116703125001 0.43767172916666663 0.8060124796875 0.43576637291666664 0.7576512296875 0.38835287291666665 0.739426915625 0.3754200729166667 0.73063595625 0.26998944375 0.5947087765625 0.1710039229166667 0.4755717421875 0.16287351875 0.47075426406250004 0.1502185625 0.4725049375 0.19135437083333334 0.7934517265625 0.28605565208333333 0.879162571875
9 0.62332639375 0.7304724453125 0.6284340104166667 0.7452011671875 0.6122046395833334 0.7441853421875 0.56289493125 0.7530358500000001 0.5298886166666666 0.7467319765625 0.4732698604166667 0.757173340625 0.47295349375 0.77982656875 0.4860323375 0.8651216546875 0.5034400208333333 0.9339477921875 0.5120439791666667 0.9592077 0.5334549895833334 0.9587820421875 0.5459456708333333 0.9557497015624999 0.5737500583333334 0.9214674578125001 0.6876405958333333 0.8973058765624999 0.8647115958333333 0.838533534375 0.90640703125 0.8205186390625 0.8948228645833333 0.7803806343749999 0.8710958208333334 0.7292408765625 0.8608177124999999 0.6825451671875 0.8366799895833333 0.6282012421875 0.82906571875 0.6190368546875 0.8129529458333333 0.5770614828125 0.81103644375 0.562108703125 0.7701846541666666 0.5197149921875 0.7458563125000001 0.5225008171875001 0.7133235479166667 0.536639375 0.6914147083333333 0.6922840875 0.58381209375 0.6901401593750001 0.60051501875 0.7115984156249999 0.62332639375 0.7304724453125
9 0.3766510645833333 0.7348601953125 0.41031472708333333 0.7463522984375001 0.4230551666666667 0.7500763328125 0.42325072708333333 0.7516021265624999 0.44254728541666666 0.761023934375 0.45441736458333337 0.7555719296875 0.46676668125000004 0.756244375 0.4956318520833333 0.7542176703125001 0.5124935583333333 0.742257090625 0.5518429770833334 0.7502709328125 0.5867850270833334 0.747817553125 0.6110925374999999 0.74611085625 0.6342719541666667 0.7475624140625 0.5736226708333334 0.681002628125 0.5219836833333333 0.6369030765625 0.44197566875 0.57478156875 0.3891633166666667 0.521527253125 0.3107197916666667 0.47161209687500005 0.26290148958333337 0.433402384375 0.24024900833333335 0.471941471875 0.19706442708333333 0.505764078125 0.2789230354166667 0.60624376875 0.31864909583333334 0.6650354828125 0.3640609145833333 0.7203489375000001 0.3766510645833333 0.7348601953125
9 0.5601434229166667 0.5279965640625 0.5265703020833333 0.5411305 0.5371450875 0.575797084375 0.5931153770833333 0.5580115328125 0.6458969395833333 0.5512265421875 0.9022280604166667 0.47808121249999996 0.8787301437499999 0.2947474765625 0.78519611875 0.31051724062499997 0.48947524166666667 0.3713082703125 0.5139040874999999 0.454266915625 0.5377607291666667 0.484921896875 0.5601434229166667 0.5279965640625
9 0.7688631833333334 0.51796034375 0.8067839208333333 0.5507068953124999 0.8136883166666667 0.5686964156250001 0.8267601291666666 0.6108853015625 0.8504664770833333 0.6523275078124999 0.9082021020833333 0.6498132546875001 0.8797307520833333 0.48586468906249997 0.7688631833333334 0.51796034375
9 0.2436333 0.46246670468750006 0.26593992708333336 0.4331890484375 0.5031210979166667 0.6212926984375 0.5044139625 0.5596209296875 0.5237274208333333 0.5428696296875 0.5423039083333333 0.532328175 0.5549251270833333 0.5252839046875 0.42557747916666666 0.3511623109375 0.16490367083333332 0.386399715625 0.14032335416666666 0.395301271875 0.14988985833333332 0.46994035156249997 0.16370134583333332 0.47269752187499997 0.19515408541666668 0.502819159375 0.2436333 0.46246670468750006
9 0.3803612229166667 0.2973746515625 0.40618795625 0.2955612859375 0.44731190416666666 0.26958098750000004 0.4821036604166667 0.27791483437500003 0.45271155625 0.2399508921875 0.43742882083333334 0.21639153906250003 0.4420914958333333 0.1929712859375 0.39511518958333336 0.125451484375 0.34093390833333337 0.061516609374999996 0.12412916041666668 0.26895210937499997 0.13869059374999998 0.38256225 0.26941292708333336 0.292848440625 0.32449595208333337 0.292059959375 0.3803612229166667 0.2973746515625
9 0.4391436020833333 0.21781066249999997 0.4790652229166667 0.278128171875 0.4459882458333333 0.27121344999999997 0.4006977625 0.30056534375 0.26485526666666664 0.293168446875 0.1398139125 0.3820032375 0.14101561458333334 0.3942350609375 0.4301351375 0.3508423046875 0.5068494020833333 0.4470646203125 0.48756489791666663 0.36836335 0.5786728020833334 0.3496502140625 0.6138538479166668 0.205543771875 0.45159793958333333 0.1953828640625 0.4391436020833333 0.21781066249999997
9 0.5149170479166666 0 0.5327466937499999 0.051127951562499996 0.5442540166666666 0.0811104875 0.5654180729166666 0.102717371875 0.5548288041666667 0.115777071875 0.5744736395833333 0.1374906265625 0.7304879 0.2065917203125 0.7542087333333334 0.2003076421875 0.8697015895833334 0.224305546875 0.8409523041666667 0 0.5149170479166666 0
9 0.32339497708333337 0.0442737703125 0.24526834791666668 0.080549753125 0.17289248958333334 0.021741182812500003 0.09316160416666668 0.027339309375 0.12301372708333333 0.260249340625 0.32339497708333337 0.0442737703125
9 0.6606798645833333 0.283850803125 0.6862657645833333 0.268198621875 0.6934254708333333 0.252300671875 0.6883861479166666 0.2249430515625 0.6614005270833334 0.16987536718750001 0.6050988625 0.1491960671875 0.5693292958333332 0.13323325 0.5513992416666667 0.112938821875 0.5000463604166667 0.094991103125 0.366858525 0.008122290625 0.22038271041666666 0.0184067625 0.20421862708333333 0.0233905015625 0.21268751041666667 0.053586371875000004 0.21116829166666667 0.053693040625 0.24659200625000002 0.078917290625 0.3262378541666667 0.042534639062500004 0.1266660375 0.2674620265625 0.3405427833333333 0.058465021875 0.4453254958333333 0.19428374375 0.6136582854166667 0.2040179796875 0.58563694375 0.33222646718750004 0.6426447916666667 0.28665661875000004 0.6606798645833333 0.283850803125