10 0.25440385416666667 0.3705398828125 0.24155229374999998 0.42567621562499997 0.2814493229166667 0.468041115625 0.3262322729166666 0.484765203125 0.3591133083333334 0.4755604625 0.3762832729166667 0.457619846875 0.40830774583333335 0.38913605625000003 0.4066059625 0.34156512499999997 0.38596281041666664 0.310601909375 0.34768660416666664 0.29105879687499997 0.2598224854166667 0.3051815515625 0.25440385416666667 0.3705398828125
10 0.40096790000000004 0.2385698484375 0.40048134583333334 0.32615552187499997 0.4099172208333333 0.3409706765625 0.4455768041666667 0.3708890046875 0.49994621250000004 0.3809393625 0.54110539375 0.3702485015625 0.5843023354166667 0.3410317859375 0.6344229541666666 0.26764840156249997 0.5990645333333333 0.1947523015625 0.5305239104166667 0.1740387140625 0.46949717708333333 0.1882962671875 0.4068957791666667 0.22760018437500001 0.40096790000000004 0.2385698484375
10 0.7370484958333333 0.34332668125 0.74532664375 0.341840559375 0.74812865625 0.286857446875 0.7163940020833334 0.2413762953125 0.6476566416666666 0.1942834390625 0.5975246770833333 0.19667965625 0.6419716520833333 0.2795005265625 0.6795184145833333 0.3123818859375 0.7370484958333333 0.34332668125
10 0.7415871041666667 0.3127954828125 0.7480590395833333 0.3330954734375 0.7642332020833333 0.3483518609375 0.8012359083333334 0.34996356562500003 0.8227590854166666 0.3460996515625 0.8221802208333333 0.3379490140625 0.7949145541666667 0.30817469218750004 0.76591229375 0.2539484546875 0.7465426458333333 0.24091664375000002 0.7158151375 0.2332256546875 0.74504894375 0.29071215 0.7415871041666667 0.3127954828125
10 0.5780271354166667 0.347111065625 0.5624779916666667 0.387873471875 0.5626747291666666 0.4142527421875 0.5833526875 0.42209694531249997 0.6587821833333333 0.4217628765625 0.7446433520833333 0.40304696250000005 0.7556538916666666 0.392815753125 0.7526089875 0.37355144375 0.7264200854166667 0.335329259375 0.6829454458333333 0.3134175671875 0.6508286625 0.286165046875 0.61594468125 0.290776625 0.5780271354166667 0.347111065625
10 0.3859045395833334 0.4278271046875 0.3762832729166667 0.457619846875 0.3607689375 0.4752632375 0.3444441916666667 0.48149573749999997 0.3375553229166667 0.5025433921875 0.34753525208333336 0.5486282015625 0.41638838333333333 0.597351184375 0.44099127708333336 0.589632565625 0.4601641875 0.5762851078125 0.46597629375 0.5636853171875 0.4300851625 0.5305067328125 0.40532034375 0.4887270703125 0.42906666875 0.4217294 0.42683217500000004 0.4138759875 0.3859045395833334 0.4278271046875
10 0.48564710625 0.5337393578125 0.4682107875 0.5715387328125 0.49466604375 0.589902159375 0.50956670625 0.587227140625 0.6006959270833333 0.5246417812499999 0.6183637916666667 0.4901026609375 0.6155504333333333 0.4740986078125 0.6211309958333333 0.45823855937499997 0.6061145604166666 0.45928345000000004 0.5808979958333332 0.48197044375000003 0.48564710625 0.5337393578125
10 0.7541488458333333 0.3716240921875 0.7591966958333334 0.39548156093750003 0.8096873270833334 0.4689628984375 0.85257175625 0.41173678437500005 0.8568440083333333 0.40106434375 0.8514488354166667 0.37231649375 0.8245304895833333 0.34743255624999997 0.7692000895833334 0.3474601890625 0.7460560895833334 0.32850231406249997 0.74105439375 0.35251299999999997 0.7541488458333333 0.3716240921875
10 0.6730343624999999 0.45717524843749996 0.6543245416666666 0.4770432171875 0.6129338125 0.4844738234375 0.6036598666666666 0.5191569484375 0.61544600625 0.5434556484375 0.6859895770833333 0.5687623937499999 0.7021985520833333 0.5608997671875 0.7144016270833333 0.543850825 0.7467734187499999 0.48025741875000005 0.7728352020833333 0.4458623046875 0.7747571854166666 0.4257063234375 0.7424898208333333 0.41994268906250004 0.6812315458333333 0.43093998593749994 0.6730343624999999 0.45717524843749996
10 0.674400175 0.5708429640625 0.7164507291666666 0.5963121390625 0.7716305458333333 0.6177733921875 0.7848755791666666 0.615395596875 0.7836020791666667 0.5974641921875 0.80007740625 0.569742809375 0.7983756229166666 0.522171878125 0.7833939979166666 0.500097753125 0.73822891875 0.501602296875 0.6939204041666667 0.5623858890625 0.674400175 0.5708429640625
10 0.5137806854166667 0.693779896875 0.6134195979166667 0.6329686718749999 0.6720150979166667 0.584478434375 0.5997349354166667 0.5347197718750001 0.5847184999999999 0.5357646625 0.5365546729166667 0.56587305 0.5094509333333334 0.5855970125 0.50090643125 0.606941890625 0.5137806854166667 0.693779896875
0 0.40477551666666667 0.6935379359375 0.511581 0.6628074671874999 0.50171684375 0.6183527859375 0.43572322291666665 0.6335020109375 0.391715875 0.65130783125 0.38236096458333335 0.6612418156250001 0.3835186916666667 0.67754309375 0.39118316458333335 0.691025346875 0.40477551666666667 0.6935379359375
10 0.3212071125 0.602882071875 0.25214512708333336 0.69287316875 0.25041987708333335 0.7394084203125 0.27132938333333334 0.7505128796875 0.36707817499999995 0.6821454640625 0.3949113604166667 0.64908325625 0.40049192083333335 0.6332232078125 0.45989783333333334 0.5961438671875 0.46274599791666665 0.58902890625 0.41804401458333335 0.5970539609375 0.39312861041666664 0.5767631828125 0.3212071125 0.602882071875
10 0.33528601874999997 0.5178089906250001 0.25515598958333335 0.499175971875 0.24025532708333333 0.501850990625 0.22782070416666667 0.5156396796875 0.21528165625 0.5987854078125 0.2163236125 0.613456559375 0.22506484791666667 0.61849095 0.25168203541666667 0.6863526578125 0.25830454999999997 0.6851637609375001 0.27312425 0.6577396015625 0.31647177291666667 0.6070339984374999 0.3520852020833333 0.5890841734375 0.3538914125 0.5672980609375 0.36736799166666667 0.5681805234375 0.35331254791666666 0.5591474234375 0.33528601874999997 0.5178089906250001
7 0.29947507916666666 0.7454600671875 0.323348525 0.7510796953125001 0.34472112083333334 0.76870466875 0.36990287708333336 0.7691366875 0.3889252083333333 0.7772781156249999 0.40844543958333335 0.768821040625 0.40859602083333335 0.7473321546875 0.38745497083333336 0.732967440625 0.3703546208333333 0.704670028125 0.3673097208333333 0.6854057203125 0.3573759458333334 0.6871890656249999 0.29369778333333335 0.7349408453125 0.29947507916666666 0.7454600671875
10 0.7057065458333334 0.586684590625 0.6664345395833333 0.60033848125 0.6636673354166667 0.632202584375 0.6111154833333334 0.6713532843750001 0.60695900625 0.6836558515625 0.6156654354166666 0.7118092546875 0.637501125 0.7359547359375 0.6720029833333334 0.7495717843749999 0.70735005625 0.7514807171875 0.7615227291666666 0.7351518046875001 0.7885106958333333 0.7137977156249999 0.8002506791666666 0.690228259375 0.7989771791666667 0.6722968546875 0.7842271000000001 0.6534829859375 0.7765974354166667 0.61688171875 0.7484865458333334 0.5988155171875 0.7057065458333334 0.586684590625