7 1 0.3102096796875 0.9613838666666666 0.3259493671875 0.9345241625 0.36075949375 0.9171927958333334 0.362341771875 0.8837828895833333 0.3924050640625 0.8697634708333334 0.3971518984375 0.8429037645833334 0.43196202499999997 0.8342207479166667 0.4493670890625 0.84382714375 0.48575949375 0.8655022 0.5094936703124999 0.8989511354166667 0.51424050625 0.9612105333333333 0.4920886078125 1 0.47126221875 1 0.3102096796875
7 0.6184022791666667 0.401898734375 0.6283381250000001 0.4113924046875 0.6410353812499999 0.44620253125 0.6698111770833334 0.4525316453125 0.7109850854166667 0.41930379687499997 0.7667982791666667 0.29272151874999996 0.7696290250000001 0.251582278125 0.7524797166666667 0.223101265625 0.66861895625 0.223101265625 0.6561818166666666 0.22784810156250002 0.6503685729166667 0.23892405 0.6184022791666667 0.401898734375
7 0.45252315416666666 0.441455696875 0.45774683125 0.41772151874999996 0.3794738645833334 0.333860759375 0.33903255416666667 0.3148734171875 0.2991417791666667 0.2737341765625 0.23746758541666668 0.2405063296875 0.22572837291666667 0.22626582343749999 0.17818632291666667 0.22468354375000002 0.15338573958333335 0.23575949375 0.14613760833333334 0.25 0.1481620625 0.25949367031250004 0.18293752083333334 0.29272151874999996 0.21175234583333333 0.333860759375 0.29554377291666667 0.40031645625 0.33425541458333335 0.416139240625 0.36262806458333335 0.447784809375 0.3953053770833333 0.46993670937500004 0.42069552708333335 0.4715189875 0.45252315416666666 0.441455696875
7 0.4937057854166667 0.544303796875 0.5216362625 0.5664556968750001 0.60247985625 0.569620253125 0.6269509916666667 0.5854430374999999 0.6396092208333334 0.5854430374999999 0.6479974541666667 0.5617088609375 0.6235263187500001 0.5458860765625 0.5968096416666667 0.515822784375 0.5900383541666667 0.5063291140625 0.5888592229166666 0.48101265781249997 0.5715278541666666 0.48259493593749997 0.49432565833333336 0.45569620312500003 0.48862077708333335 0.43512658281250005 0.4948371645833333 0.3987341765625 0.42848983125 0.3670886078125 0.42418517291666663 0.376582278125 0.45428749166666665 0.4113924046875 0.4583363979166667 0.430379746875 0.4269509458333333 0.46993670937500004 0.41300522291666664 0.4762658234375 0.39070593125 0.473101265625 0.3893447395833334 0.4778481015625 0.4337612625 0.51424050625 0.4937057854166667 0.544303796875
7 0.23745473125000002 0.6139240499999999 0.2827122125 0.5664556968750001 0.32039211250000005 0.5601265828125 0.32749285208333334 0.54272151875 0.36270612291666665 0.5174050640625001 0.3695120770833333 0.49367088593749997 0.38919734791666666 0.47468354375 0.3871728958333333 0.4651898734375 0.3412477895833333 0.430379746875 0.3211203458333333 0.43987341718749995 0.2912044458333333 0.44303797500000003 0.23932306666666667 0.48417721562500005 0.21231597291666665 0.515822784375 0.16760902916666665 0.541139240625 0.15145679375 0.568037975 0.15414450833333332 0.5917721515625 0.18236976666666666 0.6202531640625 0.20948958958333333 0.625 0.23745473125000002 0.6139240499999999
7 0.11640812916666668 0.291139240625 0.05554895208333333 0.3433544296875 0.075715425 0.36867088593749997 0.13978255208333332 0.41930379687499997 0.1865183125 0.4715189875 0.23939676458333334 0.48575949375 0.28675239166666666 0.4493670890625 0.3132826479166667 0.441455696875 0.3161524229166667 0.43512658281250005 0.26271907083333335 0.375 0.20347247499999999 0.3259493671875 0.1748787375 0.28955696249999996 0.11640812916666668 0.291139240625
7 0.81882705 0.25474683593749997 0.8003902458333333 0.2325949359375 0.7766560666666666 0.2325949359375 0.7720219583333333 0.2689873421875 0.7489900729166667 0.31803797500000003 0.7326557791666667 0.375 0.7599620208333333 0.41772151874999996 0.7964671520833334 0.45411392343749996 0.8110761375000001 0.46202531718750006 0.8284812 0.46202531718750006 0.85324275625 0.416139240625 0.85478600625 0.38132911406250003 0.8434499395833334 0.34177215156249996 0.8316370333333333 0.3259493671875 0.81882705 0.25474683593749997
7 0.4257849 0.6487341765625 0.41948608958333333 0.5474683546875 0.4244886791666667 0.5189873421875 0.4221694416666667 0.50316455625 0.39243560208333333 0.4762658234375 0.3830156270833333 0.4778481015625 0.3679298 0.49367088593749997 0.36112384583333335 0.5174050640625001 0.34754660000000004 0.5316455703125 0.3425440125 0.5601265828125 0.35969768333333335 0.6566455703125 0.369707225 0.66772151875 0.3853089229166667 0.6629746828124999 0.3966796541666667 0.669303796875 0.4073134291666667 0.6598101265625 0.41997165625000005 0.6598101265625 0.4257849 0.6487341765625
7 0.01941884375 0.4169303796875 0.02111845416666667 0.4534216765625 0.04282575416666667 0.4778481015625 0.10549266041666666 0.498417721875 0.14070593125 0.473101265625 0.17176193541666668 0.4604430375 0.174336925 0.447784809375 0.15590012291666666 0.4256329109375 0.086791375 0.36867088593749997 0.07074750208333333 0.36392405 0.020522099999999998 0.40664557031250004 0.01941884375 0.4169303796875
8 0.40772506458333335 0.193037975 0.41199505833333333 0.2167721515625 0.4481663770833333 0.2120253171875 0.45155202083333335 0.2167721515625 0.5369950604166667 0.2167721515625 0.55590870625 0.2151898734375 0.5538842520833334 0.20569620312499998 0.5630831395833333 0.1993670890625 0.5665381166666666 0.137658228125 0.3289015604166667 0.1313291140625 0.3099879145833333 0.1329113921875 0.30152598541666664 0.155063290625 0.29596849583333334 0.137658228125 0.28474515624999996 0.13449367031249998 0.28540841875 0.14873417656250001 0.2918849229166666 0.151898734375 0.29137341666666666 0.20886075937499998 0.3007933916666667 0.20727848125 0.30432642708333335 0.2151898734375 0.3328074395833333 0.2151898734375 0.33516134166666667 0.197784809375 0.33597199791666665 0.2151898734375 0.4040836666666667 0.2167721515625 0.40772506458333335 0.193037975
8 0.49641508125 0.330696203125 0.5243065270833334 0.31803797500000003 0.5400902833333333 0.28322784843750004 0.5501691583333332 0.22784810156250002 0.3064982708333333 0.22784810156250002 0.3123158770833333 0.2848101265625 0.3406885291666667 0.31645569687499997 0.38572928333333334 0.33227848125000004 0.46031746041666666 0.3370253171875 0.49641508125 0.330696203125
7 0.6468355375 0.23101265781250002 0.63870305625 0.22626582343749999 0.5707387770833333 0.22784810156250002 0.54483711875 0.28322784843750004 0.5089259166666666 0.3275316453125 0.5116873270833333 0.3528481015625 0.48961348958333334 0.4224683546875 0.48943142916666665 0.4525316453125 0.5635427645833333 0.48101265781249997 0.5826038041666667 0.48259493593749997 0.5998961416666667 0.44620253125 0.6075474166666667 0.40664557031250004 0.6329332062499999 0.3401898734375 0.64922846875 0.24841772187500002 0.6468355375 0.23101265781250002