2 0.059348606250000005 0.6779204609375 0.16498108958333332 0.66425896875 0.17429272916666666 0.656766228125 0.16980651458333332 0.5605041421875 0.15041416666666668 0.558987546875 0.0441747375 0.5892392390625 0.04712282291666667 0.65249718125 0.059348606250000005 0.6779204609375
2 0.3609855375 0.694463684375 0.37541669166666664 0.6783674109375 0.3770792083333333 0.6548132265625 0.3542298604166667 0.63834598125 0.2875403958333333 0.6288242578125 0.21441949166666668 0.6293693671875 0.20373183749999998 0.6369502312499999 0.20005242291666667 0.646840815625 0.19791113958333334 0.68973554375 0.20373563333333333 0.6962589078125 0.2921849354166667 0.6988699375 0.3609855375 0.694463684375
2 0.33522963541666667 0.763697771875 0.3515495125 0.7585147515624999 0.36959599375 0.731152721875 0.3700747625 0.7118121796875 0.3610496270833333 0.6958388578125 0.199735775 0.6992736265625 0.19029595625 0.704016021875 0.18130476041666668 0.7183846234375 0.177723375 0.7599923015625001 0.18498797083333332 0.7678027140625 0.2837403916666667 0.7545818453125 0.33522963541666667 0.763697771875
2 0.3055982583333333 0.77938825 0.3052778166666667 0.7725123875000001 0.2965731208333333 0.763414928125 0.21814043541666667 0.7684380578125001 0.19036383958333333 0.76469986875 0.1467159875 0.7757709046875 0.14277017083333332 0.7898163828125 0.3055982583333333 0.77938825
2 0.45244321875 0.70239915625 0.48268154375 0.6701184828125 0.5308080208333333 0.6366921796875 0.5314149708333333 0.620101984375 0.5153815916666666 0.6018189406250001 0.5042453208333334 0.5997735984375 0.43810250624999997 0.6315951796875 0.42117568125 0.6533683953125 0.39042464791666665 0.6746476890625 0.40498777291666666 0.7206104343749999 0.4146839479166667 0.72136873125 0.45244321875 0.70239915625
2 0.6656308479166667 0.71633135 0.6831005291666667 0.6765927656249999 0.6575632479166666 0.6616769437500001 0.6451150520833333 0.661094896875 0.64117928125 0.665484790625 0.6080909041666666 0.66622461875 0.5575629895833334 0.6777362828125 0.5506867270833333 0.7374855828125 0.5633271895833333 0.742193146875 0.6642887770833333 0.7467613984375 0.6656308479166667 0.71633135
2 0.7566662625 0.6263651890624999 0.7404104729166666 0.6329233796875 0.7366028791666667 0.64006361875 0.7267823229166667 0.69586365 0.7284486333333333 0.7316181390625001 0.8119706854166666 0.746958225 0.8242783479166668 0.7461699937499999 0.84419196875 0.697999228125 0.8513245875000001 0.6437506171875 0.7843146791666666 0.62735303125 0.7566662625 0.6263651890624999
2 1 0.691189071875 0.9956776749999999 0.631747140625 0.9625252083333333 0.6311117984375 0.8520936520833333 0.6602526906249999 0.86448155625 0.718768240625 0.8755424416666667 0.7428868453125 1 0.7349161093750001 1 0.691189071875
2 0.6822975229166667 0.6297487703125 0.6916091645833333 0.6222560296874999 0.6903914770833333 0.5961277484374999 0.6797980583333333 0.5761170359375 0.6644055708333333 0.5715857203125 0.5928529479166667 0.5761682234375 0.5585167333333333 0.579746521875 0.5545809645833334 0.5841364171875 0.55349525 0.62006715625 0.55938383125 0.6279656921875 0.6465212104166667 0.6320400203125 0.6822975229166667 0.6297487703125
2 0.8404257020833333 0.350662590625 0.8243659708333334 0.420654975 0.8300321375 0.45339474375 0.83723264375 0.45982998124999996 0.8840811395833333 0.4582089015625 0.9279212604166667 0.45126338125 0.9317929395833333 0.445498315625 0.923216425 0.43915120312499994 0.9308316083333333 0.424870725 0.92804564375 0.394705053125 0.9318532354166666 0.3875648140625 0.9210336125 0.33308665625 0.9097691604166667 0.3282909671875 0.8822489208333334 0.33005346874999997 0.8548568583333334 0.334566315625 0.8404257020833333 0.350662590625
2 1 0.3700423421875 0.9809410458333333 0.3747661015625 0.9632150104166667 0.4090039984375 0.9324639770833334 0.4302832921875 0.9209130229166667 0.4489536625 0.9204342541666667 0.46829420468749994 0.9399246291666666 0.5015278953125 0.9713165520833333 0.494000328125 0.9839570145833334 0.4987078921875 0.9860681520833333 0.484779915625 0.99275594375 0.48021377187500003 1 0.4797498359375 1 0.3700423421875
2 0.45853524375 0.38891308593749996 0.45760785416666666 0.39862741874999996 0.47636310625 0.4457009625 0.4849396208333333 0.452048075 0.528587475 0.4409770375 0.5766498645833333 0.4061755640625 0.5744406979166666 0.38838644375000003 0.5550785 0.3579030984375 0.5406134041666667 0.34365745 0.5294771291666667 0.3416121046875 0.5145332645833334 0.346707 0.4974141729166667 0.364354696875 0.46883836458333333 0.3730811875 0.45853524375 0.38891308593749996
2 0.3785720166666667 0.47954942031250003 0.4210361229166667 0.4726920265625 0.47498709375000003 0.4457890875 0.47232930624999997 0.418373759375 0.46506471458333337 0.4105633484375 0.45536853958333334 0.4098050515625 0.34423200833333334 0.42381904531250003 0.3349844604166667 0.4326869578125 0.3276256270833333 0.45246812500000005 0.3374839208333333 0.486318690625 0.35018847291666666 0.492401428125 0.3785720166666667 0.47954942031250003
2 0.6575480708333333 0.42444224531249997 0.6269553645833333 0.4195051328125 0.6079475520833333 0.426239575 0.6028921229166666 0.43621828437500004 0.6169085979166666 0.440837725 0.6329156208333334 0.5473961890625 0.6373000125 0.5526325062499999 0.6524361458333333 0.5516631296875001 0.6698115916666667 0.539516125 0.6575480708333333 0.42444224531249997
2 0.71288264375 0.51606853125 0.7019386375 0.5181487046875 0.7158608750000001 0.5503597234375001 0.7107413604166666 0.558963259375 0.71256599375 0.56850134375 0.7170144729166666 0.5751128296875 0.73071050625 0.5728564078125 0.7403124416666667 0.6012062828125 0.7922163666666666 0.5896064953125 0.8050792458333333 0.5694728265625 0.8039897354166666 0.5460948906249999 0.7912512395833333 0.5096702296875 0.7811064458333333 0.499285725 0.7742263854166667 0.49972634843749997 0.7231556145833333 0.52920338125 0.71288264375 0.51606853125
2 0.8519239479166667 0.5085430718749999 0.8380997395833333 0.50804915 0.8246600625 0.5158062640625001 0.8129507833333334 0.560693040625 0.8089207770833333 0.5926745109375 0.8177536479166666 0.6045223140625 0.8589058333333334 0.59912821875 0.8679611166666666 0.5861347890624999 0.8724698916666667 0.5348127734375 0.8519239479166667 0.5085430718749999
2 0.8099837291666667 0.2008917234375 0.8420844229166666 0.2677997296875 0.8429175770833334 0.285676975 0.8765827520833334 0.2973136984375 0.8957828312499999 0.294704778125 0.9107568458333334 0.26064313125 0.8962276604166667 0.2450223109375 0.8866898104166666 0.2180476078125 0.8822073916666666 0.18109419531249998 0.8805379541666666 0.1798218359375 0.8162912958333333 0.1839364375 0.8120948666666667 0.18696374531249998 0.8099837291666667 0.2008917234375
2 0.9317514104166666 0.2965390421875 0.95309656875 0.310344065625 0.9983539 0.304194459375 0.9936181958333333 0.2025790234375 0.9284225895833333 0.28433873906249996 0.9317514104166666 0.2965390421875
2 0.8818567979166667 0.2031850828125 0.8870102541666667 0.22492347031249998 0.902787275 0.23770582031249998 0.9372516645833334 0.23687786718749998 0.9807072520833333 0.2216813109375 0.9937590208333333 0.2056007828125 0.9922242645833333 0.1726690171875 0.8941342645833333 0.17895107500000001 0.8891515416666667 0.1820287421875 0.8818567979166667 0.2031850828125
2 0.8288483937500001 0.4576083875 0.82279769375 0.41661758125 0.8010680041666667 0.394561521875 0.76765918125 0.3884254875 0.76116365625 0.39711715000000003 0.7545098041666667 0.43202521718750003 0.75671896875 0.4498143359375 0.77896136875 0.4828717765625 0.79016173125 0.48629229531249996 0.8078576208333333 0.48102115 0.8288483937500001 0.4576083875
2 0.5051160041666667 0.2038652921875 0.48754829166666663 0.21188678125 0.48895824583333336 0.24214057968749997 0.5465924270833333 0.2646557328125 0.5919367354166667 0.26037243125 0.58956545 0.20949104375 0.5846494999999999 0.1987716625 0.5051160041666667 0.2038652921875
2 0.6861124979166667 0.23778973125 0.7105602729166667 0.2293276171875 0.7262392604166668 0.21039287031249998 0.7583361604166666 0.21799220312499998 0.7627205520833333 0.22322851875 0.8026889916666666 0.2220480640625 0.8135048187499999 0.21721754531249998 0.80855038125 0.18443219375 0.6580253416666667 0.19407239375000002 0.65666959375 0.1982970515625 0.6658869979166667 0.2183958921875 0.6861124979166667 0.23778973125
2 0.12455644166666667 0.5371958640625001 0.18353269166666666 0.52928096875 0.20327562916666667 0.508706675 0.21169002708333334 0.48196151875000004 0.19559256249999998 0.462303303125 0.16592724583333332 0.4476518578125 0.13635995625000003 0.4647175078125 0.04816700833333333 0.46760716718750006 0.017864597916666666 0.4985126703125 0.016073904166666667 0.5193165109375 0.03773950625 0.539997396875 0.12455644166666667 0.5371958640625001
2 0.2815537833333333 0.589208625 0.32558616875 0.5863886234375 0.36139262916666665 0.555130621875 0.35927769791666664 0.509749921875 0.3444280708333334 0.48725323906250007 0.2395948 0.48845005312499995 0.20269883125000002 0.4963301203125 0.18209259166666666 0.5279939203125 0.21195017708333333 0.5467708828125 0.20846302708333334 0.5607869859375 0.2205606333333333 0.58345991875 0.2815537833333333 0.589208625
2 0.1304637875 0.3382016234375 0.1165114 0.33495735625 0.08543992291666667 0.3493607859375 0.04303990416666667 0.3575933546875 0.03424097291666666 0.376087475 0.015681785416666667 0.392448125 0.02762106666666667 0.44133746562500004 0.043910793749999996 0.4651212 0.06199121666666666 0.468101090625 0.07418306041666667 0.463182446875 0.12791161874999998 0.461120740625 0.12557427291666667 0.4405812765625 0.15424432083333334 0.404263209375 0.1742436125 0.38918960625 0.16755202291666665 0.3344470734375 0.13977542708333335 0.330708884375 0.1304637875 0.3382016234375
2 0.0034265458333333334 0.294476584375 0.029181754166666667 0.32675750937500003 0.07372685 0.3349388875 0.08262381041666668 0.3481618640625 0.10175980208333332 0.34417776718750004 0.12019081666666667 0.3250667734375 0.12213983333333332 0.2780465265625 0.025434458333333333 0.2759642453125 0.010426504166666666 0.279683965625 0.0033351479166666667 0.2866220234375 0.0034265458333333334 0.294476584375
2 0.15020293125 0.25831865625 0.15113032083333333 0.24860432187499998 0.14171777916666667 0.2271387015625 0.0027465625 0.23603895000000003 0.00331634375 0.2850059265625 0.04633099375 0.2801430609375 0.13471620833333334 0.28137891875 0.15020293125 0.25831865625
2 0.20502099583333333 0.2796348859375 0.3107175708333333 0.267348565625 0.33487504791666667 0.2230438359375 0.33614172708333334 0.21468705 0.13410876041666667 0.2276260140625 0.13292172083333334 0.242874084375 0.14188277083333334 0.2574722328125 0.19029954791666667 0.2598885453125 0.19657265833333334 0.27603811875 0.20502099583333333 0.2796348859375
2 0.35206960625 0.38469733437500003 0.29245246874999997 0.3788605046875 0.2570606875 0.38940279218749996 0.21280588958333332 0.417064028125 0.2097673645833333 0.4407063390625 0.23168931875 0.4668879171875 0.25796172500000003 0.467963884375 0.3311768666666667 0.4398271953125 0.3646799229166667 0.4183716515625 0.35206960625 0.38469733437500003
2 0.49817944375 0.32154809218749997 0.49526530208333336 0.288632075 0.48585563125 0.2644077171875 0.4819801541666667 0.21086410781249998 0.4768313125 0.20567675 0.3991630770833333 0.21065092187499998 0.3705872708333333 0.21937741093750002 0.3478359541666666 0.2346272640625 0.3483486645833333 0.2456286453125 0.37097559583333334 0.2869371234375 0.3314897229166667 0.3280857078125 0.34883502083333334 0.34490545156249997 0.34730068333333336 0.37120998437499997 0.3574454770833333 0.3815944890625 0.36989367708333337 0.3821765359375 0.3900211458333333 0.369853278125 0.4161012854166667 0.36680373125 0.4759408375 0.347799328125 0.49056425833333334 0.33582856875 0.49817944375 0.32154809218749997