9 0.6300385208333333 0.509670034375 0.5918105062500001 0.5064973015625001 0.5911364333333334 0.508805325 0.5928625729166667 0.5259941687499999 0.5923517645833333 0.5417954703125 0.5938062562499999 0.566670375 0.5996003583333334 0.58992256875 0.6101301958333334 0.5915109234375 0.6181392354166667 0.592100659375 0.6307665416666667 0.5939855421875 0.64694844375 0.5973318078125 0.6660860333333333 0.602759265625 0.6791259625 0.6072543796875001 0.6946925895833334 0.611003765625 0.7141147375 0.61450126875 0.7402334395833333 0.6183113375 0.7567982333333333 0.6210277390625001 0.76890856875 0.6246158015625001 0.74795465625 0.546772140625 0.7414685854166667 0.5207755546875 0.7374164229166666 0.518427271875 0.7047814270833332 0.5166881140624999 0.6599181479166667 0.5143043234375 0.6300385208333333 0.509670034375
9 0.472610525 0.43172207812499996 0.4590897479166667 0.425354471875 0.44222157083333336 0.4443007703125 0.4215835625 0.470872771875 0.40508747500000003 0.4886891390625 0.39808946458333333 0.4929517203125 0.392902375 0.5063531359375 0.3972247666666667 0.508744146875 0.4204016770833333 0.5187749265625 0.4516103416666667 0.5321635437500001 0.5093794541666666 0.5458740578125 0.5137857458333334 0.5375896640625 0.5189678166666667 0.53048879375 0.5252661416666666 0.5199981218749999 0.5324130833333334 0.508629203125 0.5462794354166667 0.48931333125 0.5523514041666666 0.47582909687499997 0.5545871125 0.4660666390625 0.5630766291666667 0.45430147187500003 0.5476083916666667 0.45243218281250003 0.5293853166666667 0.4504343109375 0.5114820458333333 0.44661567656249995 0.49474730208333334 0.44009806406249996 0.472610525 0.43172207812499996
9 0.30715663125 0.42858861406250004 0.35145860624999997 0.398432315625 0.4040287895833333 0.3767179609375 0.4260518625 0.3652590578125 0.4453094541666667 0.3597130796875 0.45830825833333333 0.351055375 0.4066536458333333 0.2999054203125 0.38999502708333333 0.28140460625 0.37831952916666667 0.2703868140625 0.3718161541666667 0.264041253125 0.32727529791666665 0.285727575 0.27187856666666665 0.31254641875 0.22824101666666669 0.3302468828125 0.20888969375000002 0.339319325 0.28672058125 0.43448239843750003 0.30715663125 0.42858861406250004
9 0.25502715416666666 0.6793543078125001 0.27335088750000003 0.6854787953125 0.35887139166666665 0.7049268453125 0.3670760916666667 0.69301495625 0.36200079166666665 0.686103740625 0.37584056875 0.6885061234375 0.3811172125 0.68418574375 0.40849455416666663 0.6433098296875001 0.4396459541666667 0.587504978125 0.43645628333333336 0.587004809375 0.39539501666666665 0.5812241703125001 0.33084493958333333 0.5704830859375 0.25185404166666664 0.6563817000000001 0.24197247083333334 0.6780113015625 0.24128908125 0.6829284437500001 0.25502715416666666 0.6793543078125001
9 0.47059845208333334 0.5691575359375001 0.46087439583333334 0.5851543578125 0.44994503125 0.6007032453125001 0.4371509645833333 0.6122482484375 0.42568661041666667 0.62072185625 0.41463836041666663 0.6346984828125 0.44918457916666665 0.662945359375 0.48033385208333335 0.6824166796875 0.5445785062499999 0.705782859375 0.5701831520833333 0.6674179875 0.5236672458333334 0.64096245625 0.5099925270833333 0.63053210625 0.5205894729166667 0.6157510890625 0.5535746583333334 0.5820392 0.5552872666666667 0.5801795937499999 0.4864790104166667 0.5467894703125 0.47059845208333334 0.5691575359375001
9 0.6870581458333334 0.6380133265625 0.6986930708333333 0.611138571875 0.6314268229166667 0.594289990625 0.599477375 0.5900569703125 0.5919175249999999 0.554488065625 0.5847788520833334 0.550594275 0.5107762541666667 0.6305686875000001 0.5876576458333334 0.676458940625 0.6231229895833333 0.6910398203125 0.6404731458333334 0.7036001375 0.6661317479166667 0.6711130171875 0.6870581458333334 0.6380133265625
9 0.7234067437499999 0.7665122656250001 0.778801 0.8158735453125001 0.7691286979166667 0.7846968546875 0.76256999375 0.7463280906249999 0.7350455041666667 0.70881509375 0.7557613229166668 0.7106992203125 0.7523125041666667 0.7013665312499999 0.7461520833333334 0.686404209375 0.74619979375 0.6749417906249999 0.7509050708333334 0.664613978125 0.7236460916666666 0.642705259375 0.7044871520833333 0.6372251531249999 0.6757372125 0.656061021875 0.6488727999999999 0.693786909375 0.6893133791666667 0.73281994375 0.7234067437499999 0.7665122656250001
9 1 0.7603359843749999 0.9613484041666667 0.7269815484375 0.9181665895833333 0.6974286765625 0.7826285791666667 0.7695138781249999 0.80822169375 0.79996109375 0.8479646416666667 0.8274516859375 0.8662566729166666 0.8278563437500001 0.9288635541666667 0.771205328125 0.9576088791666667 0.763679090625 0.9625971958333334 0.7681125062499999 0.99421405 0.8293303140624999 1 0.8233425499999999 1 0.7603359843749999
9 0.7725043916666666 0.6272952609375 0.8892559999999999 0.7014846765625 0.9066883020833333 0.6668636015625 0.9240708645833333 0.6442114265625001 0.9359588895833333 0.6246547453125 0.9001277229166667 0.599039909375 0.8551578583333334 0.57251971875 0.8018323458333333 0.5365114156249999 0.7612389583333333 0.5868110625 0.7725043916666666 0.6272952609375
9 0.76524554375 0.5647087328125 0.7705976104166666 0.5502288656250001 0.7806273020833333 0.5312969390625 0.7976790895833333 0.538918778125 0.8043447541666667 0.5370743421874999 0.8113375020833333 0.5395562890625001 0.8196417583333333 0.530962378125 0.73059543125 0.4664503328125 0.7159011166666667 0.45211257031249996 0.6552395645833333 0.51106418125 0.6553097958333333 0.5128735828125001 0.7416006479166667 0.51726051875 0.75556310625 0.5692864578125 0.76524554375 0.5647087328125
9 0.9681450083333334 0.5322949890625 0.9492762729166666 0.49516565625000003 0.9104051375 0.4899949796875 0.8342654083333334 0.4787215234375 0.8436696375 0.501312403125 0.8508901875 0.51272540625 0.8512882875 0.526840665625 0.8513124708333333 0.5442759140625 0.8426141020833333 0.5505087296875 0.8504900166666667 0.55753015625 0.8575475979166666 0.5627815 0.8662748062500001 0.5682595312500001 0.8676960333333333 0.5692273265625001 0.87182004375 0.572693078125 0.8731310416666667 0.5737303359375 0.8744070604166667 0.57430483125 0.8861697479166666 0.5805857421875 0.8961008479166667 0.5858867359375 0.9053156229166667 0.5864204375 0.91697130625 0.581258678125 0.9389602041666667 0.5755723078125 0.9467136979166667 0.5719065765625 0.9561970520833333 0.5689928609375 0.9778870020833333 0.577053584375 0.9725632458333333 0.555324434375 0.9681450083333334 0.5322949890625
9 1 0.5145351671875 0.9667308895833333 0.4701850109375 0.9688014583333333 0.459637 0.9635372291666666 0.4545005015625 0.9385379520833333 0.434921284375 0.8434848854166667 0.4743504609375 0.8410242583333333 0.47668845156249995 0.9484820354166666 0.49436256562500003 0.9634864791666666 0.522106071875 0.9975814458333333 0.52542361875 1 0.5244147031249999 1 0.5145351671875
9 0.8689381083333333 0.4627435703125 0.8436412979166668 0.431642721875 0.8055351895833333 0.390450121875 0.7524773 0.40433255937499996 0.7545579604166667 0.47869414531250004 0.7632939666666666 0.4880204015625 0.7723517145833333 0.486429340625 0.7790550916666666 0.491632990625 0.8245225604166666 0.48224746406249996 0.8403831145833334 0.4757954265625 0.8689381083333333 0.4627435703125
9 0.6407382520833332 0.386700378125 0.6668719270833333 0.402065134375 0.663976625 0.3948575 0.6592494291666667 0.38284938125 0.6605206020833333 0.36080717500000004 0.6606024979166667 0.32692196875 0.6642322770833334 0.30498985156249997 0.6137686395833334 0.2631463578125 0.60910995625 0.2652601046875 0.6034871416666667 0.333096709375 0.6191147166666667 0.3532755015625 0.6199909333333333 0.360978240625 0.6377535020833334 0.3783098015625 0.6407382520833332 0.386700378125
9 1 0.3741892484375 0.9983014291666666 0.3727216625 0.9480787583333333 0.4392919109375 0.9694786958333333 0.4592988671875 0.9671530833333333 0.4692165640625 1 0.5177709390625 1 0.3741892484375
9 0.4499797583333333 0.30322950625 0.44698170833333334 0.31228768125 0.44806162083333334 0.326569625 0.4508190979166667 0.33697665 0.45728611666666663 0.3495334359375 0.45770608124999995 0.3550875109375 0.45836602708333335 0.3638153796875 0.45911596666666665 0.3737333890625 0.45806281249999997 0.391078296875 0.45522317500000004 0.40043344843749995 0.5381165833333333 0.3865131125 0.5921978645833333 0.3720386203125 0.5874194770833333 0.3453291140625 0.5821366416666667 0.30673647187499997 0.5754762458333332 0.2759859515625 0.5337868083333334 0.2823418015625 0.48348062708333334 0.2946205984375 0.4499797583333333 0.30322950625
9 0.7699963083333333 0.3947408046875 0.7693310916666667 0.3859432515625 0.7959631125000001 0.3910825328125 0.8169716229166667 0.3925501390625 0.8200529875 0.3883107109375 0.8271469083333333 0.385719653125 0.8351938437499999 0.37002332187500003 0.8455169541666667 0.365147846875 0.8542587875 0.36506884687499996 0.8469873604166666 0.35888511562500003 0.8392724583333333 0.346836346875 0.8369223708333333 0.335037984375 0.7696031854166667 0.31241471875000004 0.7574176979166667 0.30551459375 0.7540037229166666 0.3053552453125 0.7480700083333333 0.310435596875 0.74000794375 0.30665010000000004 0.73719255 0.3079797765625 0.7370004916666667 0.3118670359375 0.7425428145833333 0.320892228125 0.7428015104166668 0.32431350000000003 0.71997600625 0.369515775 0.7203752541666667 0.3812230828125 0.7296272020833333 0.3943176484375 0.7413692104166666 0.3953527390625 0.75152994375 0.40118430156249996 0.7598210229166666 0.401571290625 0.7621856625 0.40070760468750005 0.7610993708333333 0.39919581718749997 0.7674765666666666 0.399980503125 0.7808368083333334 0.396707871875 0.7699963083333333 0.3947408046875