9 0.6731290791666668 0.945342753125 0.6899313874999999 0.9456625375 0.69617890625 0.9335512093749999 0.7570337958333333 0.8838264109375 0.84697724375 0.7998716984375001 0.8725063958333333 0.48712668125 0.8589977333333334 0.4851124390625 0.8512575979166667 0.48973949843750003 0.7597834958333334 0.6053302953124999 0.6627655395833333 0.7372969625 0.6505050020833333 0.7457621234375 0.6049170729166666 0.7630763296875 0.6052583958333333 0.8104340984375 0.61197508125 0.818344809375 0.6512305479166667 0.9172607968750001 0.6731290791666668 0.945342753125
9 0.4315632729166667 0.7478738078125 0.41572048958333335 0.7486841234375 0.4200489541666667 0.7343125921875 0.4415208770833334 0.716081590625 0.45689449375 0.6952492390625 0.3516455270833333 0.6961238203125 0.3230938875 0.5433892390625 0.29059800625 0.529167090625 0.26665257708333334 0.5261606671875 0.22859164999999998 0.5672283640625 0.22739762708333336 0.5818557546875 0.21353799375000002 0.622795434375 0.20650152291666668 0.631687034375 0.18534955833333333 0.6846527515624999 0.17741765625 0.7302834078125 0.15652155416666666 0.7801146875 0.14701175 0.8193058859375 0.18865509166666666 0.8374300640625 0.36469570625000003 0.8970264890624999 0.4773011 0.9219950234375001 0.5060868895833334 0.955898059375 0.51845408125 0.9590111359375 0.5394356458333333 0.9596720703124999 0.5467066104166667 0.935022978125 0.5606088020833333 0.8677923796875 0.5695214229166666 0.7843778515625 0.5681780166666666 0.7621808984375 0.5122697958333333 0.7513064953125 0.48024308125000004 0.757106384375 0.4315632729166667 0.7478738078125
9 0.7515635333333334 0.6165293453125 0.82712111875 0.51902201875 0.7832985416666667 0.485394078125 0.7593624083333333 0.44737930625000005 0.7142901041666666 0.484268578125 0.6397687375000001 0.532276778125 0.59049356875 0.583848340625 0.5149974895833334 0.64379726875 0.46645335208333333 0.6864132859375001 0.41011267916666666 0.7509309281250001 0.4327399208333333 0.7497729 0.45661571666666667 0.7517218640625 0.49093717708333334 0.7545235015625 0.5290959875 0.74712061875 0.5461499604166666 0.75903048125 0.5745024729166667 0.761344875 0.5865622104166667 0.7608267671875 0.5984322145833333 0.766303315625 0.6168943145833333 0.7572926078125 0.6170161541666667 0.7558000171875 0.6293195708333333 0.752296725 0.66175310625 0.7414214203125 0.6734171604166667 0.72734818125 0.7153529854166667 0.6736749750000001 0.7515635333333334 0.6165293453125
9 0.13456785208333333 0.301741140625 0.12006984999999999 0.4793489875 0.3897725541666667 0.5584484078124999 0.4417571854166667 0.56569695 0.49736565208333333 0.583759059375 0.5061369041666667 0.5499167046875 0.4726683166666667 0.53666693125 0.4926162645833333 0.4947217015625 0.5145739708333333 0.4649608203125 0.5347052625 0.3839646 0.24241007708333334 0.32103879687500003 0.13456785208333333 0.301741140625
9 0.23223475416666667 0.5561064671875 0.2678662770833334 0.524456696875 0.15785844375 0.49174959375 0.13746498541666666 0.652045515625 0.19410494375 0.655166459375 0.21542328958333332 0.6148356296874999 0.22629597083333333 0.5736521296875 0.23223475416666667 0.5561064671875
9 0.8288570333333334 0.516158646875 0.8582759291666666 0.48700681875 0.8727403916666667 0.48426009062500003 0.878653325 0.411823684375 0.8531610229166666 0.40244723125000004 0.5963441833333333 0.3649555515625 0.4776534333333334 0.5340687875000001 0.4903314875 0.5411138359375001 0.5089995395833333 0.5516529171875 0.5286724708333334 0.568284171875 0.5327523291666666 0.628718678125 0.7563779354166668 0.44713568437499995 0.7795528666666667 0.47607309999999997 0.8288570333333334 0.516158646875
9 0.6926097479166666 0.3082045625 0.7465739708333333 0.30960454843749996 0.8796461708333333 0.3996608171875 0.8886992958333334 0.28875546406249997 0.6659966583333333 0.0821541734375 0.6158686145833333 0.144173875 0.57295808125 0.209787809375 0.5785916791666667 0.2327857296875 0.5647043520833334 0.2556927046875 0.5376607375 0.29255111093749997 0.5713428354166666 0.2847827984375 0.61279013125 0.3107041625 0.63815816875 0.3127749375 0.6926097479166666 0.3082045625
9 0.5637609770833334 0.2120421296875 0.4053703020833333 0.220148328125 0.44638940833333335 0.361730071875 0.5364411791666667 0.381101228125 0.52115211875 0.45798510468750003 0.5918674708333334 0.36459012031250004 0.8769058083333333 0.4103956484375 0.8775241770833334 0.3984258328125 0.7510506833333334 0.3099699796875 0.6183935645833334 0.315669178125 0.5727132333333333 0.2863972 0.5406452104166667 0.29279473125 0.5769776041666667 0.234156509375 0.5637609770833334 0.2120421296875
9 0.5297470354166667 0.0214485015625 0.5567025520833333 0.00922450625 0.5174603895833333 0.006021196875 0.1606001 0.0018687515625000002 0.14422595208333336 0.23789725781249998 0.2677189458333334 0.2134195578125 0.29122922500000004 0.2198462953125 0.44081965208333335 0.1539253421875 0.45906185 0.1328763875 0.4480986645833333 0.11996117656250001 0.4678331 0.099034034375 0.4777310708333333 0.06979126249999999 0.4941770166666667 0.015539871875 0.5297470354166667 0.0214485015625
9 0.6823811020833334 0.06546118281249999 0.88938611875 0.2803415359375 0.9091686083333334 0.037996059375 0.843649475 0.032647778125 0.7605251395833333 0.1018907609375 0.6823811020833334 0.06546118281249999
9 0.40549214166666664 0.2186557375 0.5698517645833333 0.21103678124999997 0.6662403354166667 0.079168990625 0.8851698770833334 0.2863596859375 0.67951846875 0.06372497187500001 0.7591547416666666 0.10027635937499998 0.79268483125 0.075967734375 0.7911925916666667 0.07584592343749999 0.7981060895833333 0.04635953125 0.7236219333333334 0.0228500171875 0.6565876104166667 0.0173780515625 0.5117473479166667 0.11313647812500001 0.46229000416666666 0.1301348265625 0.44566188125 0.1498129984375 0.41137058958333333 0.16504426562500002 0.3571928541666667 0.184662365625 0.33328571875 0.23830470468749998 0.32960037708333334 0.26504953593749997 0.33733541041666665 0.28070630625000004 0.36309913125000004 0.29633221249999997 0.3808841416666667 0.2992865265625 0.4387762145833333 0.344580709375 0.40549214166666664 0.2186557375