4 0.7104854729166666 0.5063783749999999 0.6939485750000001 0.49072862500000003 0.6540720979166667 0.5178040312500001 0.6329602958333334 0.572164125 0.6155806104166667 0.5660243546875 0.5902337833333333 0.576239634375 0.5832302375 0.618494590625 0.5716306791666667 0.639064671875 0.5938873020833333 0.663719321875 0.5931849833333334 0.6716443078125 0.5741197333333333 0.6845245015625 0.5866028291666667 0.7091442734375 0.5994469104166666 0.7113041109375 0.6367346270833333 0.6950537015625 0.6982651104166667 0.6442731046875 0.7290703833333333 0.6092378359375 0.7362747979166666 0.583102825 0.7229489208333334 0.5679930343749999 0.7288287541666667 0.538418053125 0.7104854729166666 0.5063783749999999
4 0.49948097708333333 0.44194115624999997 0.48085676666666666 0.4130714734375 0.45055294583333333 0.42406180937500004 0.44824511666666667 0.4317168140625 0.4700803458333333 0.46112645781249995 0.49572920625 0.5394359046874999 0.5042989645833333 0.5714407015625 0.50233246875 0.593630659375 0.5081926520833333 0.6010505625 0.5051024458333333 0.6359204953125001 0.48350884375000003 0.677330634375 0.45774062499999996 0.692300903125 0.443692775 0.722110984375 0.42490845416666667 0.731821184375 0.4329964104166667 0.750876028125 0.47774982083333334 0.74231550625 0.49171761666666663 0.7317953671875 0.5204959854166666 0.7012451078125 0.5523645604166667 0.6358249171875 0.5558761604166667 0.5961999953125 0.5512801479166666 0.5745151171875 0.5248489104166667 0.5234205968750001 0.49948097708333333 0.44194115624999997
4 0.19347191041666667 0.4934347453125 0.18046771458333336 0.52985479375 0.17771884166666665 0.5792596765625 0.20980939583333333 0.6216541531249999 0.22397805833333334 0.6272539640625 0.24862256458333334 0.62496366875 0.2590183541666667 0.63636350625 0.27667896458333335 0.6393332828125 0.28721521666666666 0.6491481234375 0.3023671291666667 0.6436529546875 0.3340151791666666 0.599107703125 0.3443702125 0.5558077078125 0.3416606395833333 0.531222815625 0.29498003333333334 0.48798352031250003 0.26140478333333333 0.48072895468750004 0.24583148333333332 0.4909791109375 0.19347191041666667 0.4934347453125
4 0.3532783895833333 0.3449682421875 0.36624328749999996 0.3825379703125 0.3864730041666667 0.41167763281249997 0.4082281770833333 0.460377215625 0.4321099583333333 0.4483069609375 0.4364446895833333 0.4361669453125 0.3927138229166667 0.3596427140625 0.40607900625 0.30076273124999997 0.38018997083333333 0.2803231109375 0.3689514020833334 0.2784332546875 0.3563081895833333 0.292393365625 0.3532783895833333 0.3449682421875
4 0.19883151041666666 0.010065679687499999 0.22826620833333333 0.0456556875 0.3162686895833334 0.10066944062500001 0.37683703333333335 0.15267854218750002 0.393313525 0.1506233453125 0.40232432500000004 0.140878265625 0.3934736395833333 0.112043459375 0.2628900208333333 0.0030590015625 0.19951779791666666 0.0023216 0.19883151041666666 0.010065679687499999
4 0.5572989895833333 0.4146655328125 0.49984196249999996 0.41948122187500003 0.49550723125 0.4316212359375 0.5173228083333333 0.498025765625 0.5305082229166667 0.514720553125 0.5629597625 0.534655096875 0.5854172541666667 0.5754296953125 0.6152996833333333 0.5691943484374999 0.6245914104166667 0.556279275 0.6190922104166667 0.526399434375 0.5959323979166666 0.4935498171875 0.6104016395833334 0.45898474531250005 0.60783253125 0.43281485625 0.5861981729166666 0.4195251640625 0.5572989895833333 0.4146655328125
4 0.4524997916666667 0.438866740625 0.39879598541666667 0.4748772875 0.3588394541666667 0.5212426359375 0.3576356854166667 0.5532125531250001 0.37786540416666664 0.5823522156250001 0.40411542083333335 0.5803319 0.4392961791666667 0.5878564484375 0.45954554999999997 0.5800012234375 0.48641783125 0.5893458671875 0.50108794375 0.5709007421875001 0.5024925833333334 0.555050775 0.47551913958333336 0.4733013546875 0.4524997916666667 0.438866740625
4 0.6653696208333333 0.4087092265625 0.6890112291666667 0.454508796875 0.6906771458333334 0.4724837203125 0.7108464583333334 0.48391843906250004 0.7252960500000001 0.48634825625 0.74289625625 0.47161308437500005 0.7422135854166666 0.44254318281250005 0.72401076875 0.40891850781250005 0.7023764083333333 0.3956288125 0.67975880625 0.393434096875 0.6678179145833333 0.3994692234375 0.6653696208333333 0.4087092265625
4 0.6801197895833333 0.3709741609375 0.6682589541666667 0.357719346875 0.6715500333333334 0.3389693625 0.6597692562499999 0.3064246078125 0.6877048416666667 0.2853843296875 0.7078137479166667 0.279114103125 0.7205974208333333 0.26356899375 0.7053851041666667 0.251359215625 0.6728535083333332 0.250714615625 0.6398204645833334 0.2741149484375 0.6408037125 0.26301997187500004 0.6348030645833334 0.2571850625 0.6142727666666666 0.26821028125 0.6156577583333332 0.2893551984375 0.5864776458333334 0.2876655609375 0.5572371270833333 0.2682709796875 0.55250065625 0.2481710984375 0.5444731041666666 0.24682120156249998 0.49670954166666664 0.2709617125 0.46606438541666667 0.2674170984375 0.41250104583333336 0.30184265 0.3925129520833333 0.343522765625 0.39110831458333334 0.35937273593749997 0.4107761770833333 0.3948523859375 0.43917391041666665 0.42375695 0.46367795624999997 0.4230516515625 0.47660209166666667 0.405921546875 0.5081504395833334 0.41766112343749995 0.5580013104166667 0.40674054687499994 0.5926202145833332 0.42060508125 0.6137123666666666 0.40323987499999997 0.6701257416666666 0.3918142203125 0.6801197895833333 0.3709741609375
4 0.3572521375 0.3552881625 0.35263647708333334 0.370598171875 0.32269364166666664 0.3591285734375 0.30083876041666663 0.36671381875 0.2705953479166666 0.3954091015625 0.19664217291666666 0.4392748734375 0.1899996125 0.4590698921875 0.19640200208333333 0.49714469843750003 0.23535563541666665 0.498869215625 0.2646158041666667 0.48126891250000003 0.30886776875 0.496753321875 0.37232544791666666 0.49777254375 0.38789875208333335 0.48752238437499995 0.40941229583333333 0.46540218749999995 0.41039554166666664 0.45430721093750004 0.3572521375 0.3552881625
4 0.45647499375 0.5778762671875 0.4267330270833333 0.5825266171875 0.3785677229166666 0.57442723125 0.35484605625000004 0.5479176031249999 0.33941321666666663 0.556582765625 0.32109104375 0.6162378093750001 0.3240014875 0.6569426484374999 0.34696042499999996 0.6736723171875 0.3463185125 0.6993022468750001 0.33716725208333337 0.7106323234375 0.35215904791666663 0.7437170390625 0.38776119791666663 0.74648659375 0.44110401666666665 0.7329359828124999 0.46067071875000004 0.69601085625 0.4829469895833334 0.6836706203125 0.502373225 0.648330490625 0.5100790916666667 0.59815055 0.5056839520833333 0.5925856203125 0.45647499375 0.5778762671875
4 0.5365707354166667 0.666950015625 0.5639444666666668 0.6522497265625 0.5828088458333334 0.623249584375 0.5866013708333334 0.580454665625 0.5645652708333333 0.5349250765625 0.5199719729166666 0.5049057125 0.5496746395833333 0.5742451375 0.55384925625 0.60068500625 0.5365707354166667 0.666950015625