9 0.6799770666666666 0.6528765515625 0.7519030458333333 0.745697365625 0.7806679979166666 0.7901649015625 0.7851005104166667 0.8037296312500001 0.7938586895833333 0.8049692187499999 0.8285033895833334 0.780829559375 0.8607776354166667 0.76665149375 0.8818698291666667 0.7482504984375 0.9421329625 0.7203439515625 0.9498601145833334 0.709820375 0.9438473 0.7028967078125 0.9402986666666667 0.6870808234375 0.8896785708333332 0.6276387625 0.852289475 0.5711254578125 0.8194800437499999 0.5421912 0.77836796875 0.4925437515625 0.7623381729166667 0.4823541359375 0.74208955 0.5103795375 0.6481059104166668 0.548299034375 0.6493243999999999 0.5622009515624999 0.6379145791666667 0.5677148234375 0.6278169770833333 0.58819999375 0.6508906166666667 0.6170764375 0.6668266833333334 0.6261966765625 0.6799770666666666 0.6528765515625
9 0.5087488270833334 1 0.5639338208333334 0.9942104453124999 0.43577607916666666 0.888942403125 0.35910920208333336 0.816044778125 0.3376420875 0.8301682609375 0.33303522916666667 0.83928526875 0.30412215000000004 0.8671404609375 0.28870815833333335 0.8763120531249999 0.2637589458333333 0.9123850828125001 0.21519993958333333 0.9628063890625 0.21692738958333332 0.9701796421875001 0.23468463541666665 0.9877425093750001 0.23436313541666667 0.996409934375 0.24188548125 1 0.5087488270833334 1
9 0.08404380416666667 0.736981196875 0.11214887916666667 0.8109264828124999 0.13570100416666667 0.8637651921874999 0.25654548958333334 0.7930795500000001 0.39973769374999996 0.69981415 0.38982803958333334 0.6792695546874999 0.36394905208333334 0.6307220046875 0.33661372916666665 0.580978228125 0.32770815000000003 0.5873085875 0.22147742916666668 0.65511205625 0.15343020416666667 0.695976378125 0.08404380416666667 0.736981196875
9 0.33271336458333334 0.5827364375 0.2627763604166667 0.46326626875 0.05689363333333333 0.596834009375 0.05908572708333334 0.6681018125 0.08672215208333332 0.7367002078125 0.15051752708333332 0.6935839234375 0.21612072916666666 0.6556740375000001 0.26746165208333333 0.624656490625 0.33271336458333334 0.5827364375
9 0.6187954520833333 0.48527232343750004 0.6319528812499999 0.481193925 0.5885474520833333 0.43313609218750004 0.5537628916666667 0.3909189015625 0.4527213229166666 0.471668115625 0.34329321458333334 0.54925013125 0.35092639166666667 0.5592414406249999 0.4107698020833333 0.6406491187500001 0.6187954520833333 0.48527232343750004
9 0.49776824166666667 0.430518765625 0.5484061916666667 0.39148088125 0.5000459354166666 0.3331507484375 0.48402621458333334 0.31999224531250003 0.2803028020833333 0.462776553125 0.30536165 0.5019670406250001 0.34463238958333337 0.5491096375 0.37955172083333333 0.5157678640625 0.4468959708333333 0.466883203125 0.49776824166666667 0.430518765625
9 0.045646016666666664 0.468508603125 0.048122579166666665 0.5491896656249999 0.06887943333333334 0.5793883796875 0.15182513749999998 0.5234708859375 0.2175958854166667 0.47205327500000005 0.2788804583333333 0.41571025781250004 0.23716569583333333 0.37152209687500004 0.20284978125 0.33465179843750004 0.13853537083333334 0.3872656375 0.045646016666666664 0.468508603125
9 0.04097565833333334 0.4676495640625 0.090575775 0.42602252968750004 0.13294434375 0.385154171875 0.16844948750000002 0.3584960140625 0.19434607916666666 0.330147878125 0.15758614166666665 0.296232015625 0.11784675 0.2437425265625 0.0264474875 0.3018959140625 0.03886672916666667 0.44358855156250004 0.04097565833333334 0.4676495640625
9 0.5108625354166667 0.08649528281249999 0.41628252083333334 0.1638685734375 0.5173392645833333 0.222066284375 0.5975398395833333 0.150248609375 0.5554232020833333 0.1168947265625 0.5108625354166667 0.08649528281249999
9 0.5166362875 0.214045946875 0.46317004791666666 0.1899768609375 0.41372133333333333 0.1654862875 0.38322140208333333 0.1875722953125 0.3234939416666667 0.21542264375000003 0.35466285000000003 0.24722704062499998 0.4220562708333333 0.2914192375 0.5166362875 0.214045946875
9 0.26410035833333334 0.3241788484375 0.32084715416666665 0.385676178125 0.41716822291666666 0.2973281109375 0.3952059895833333 0.278047971875 0.3620617020833333 0.254544903125 0.3247159520833333 0.21394542656249999 0.2911357958333333 0.247146703125 0.2755343416666667 0.2541795375 0.23328293749999998 0.2963846203125 0.26410035833333334 0.3241788484375
9 0.9255849833333334 0.34651433125 0.9005589166666667 0.36937508124999996 0.8760014979166667 0.397582721875 0.84439671875 0.42248267031250003 0.8123232854166668 0.4420357265625 0.8226348145833333 0.45174604374999994 0.8644503520833333 0.4662453078125 0.8765697083333334 0.481162021875 0.9333668895833332 0.5278149046875 0.93484083125 0.4521154453125 0.9255849833333334 0.34651433125
9 0.5905871770833334 0.6568585437500001 0.5480018854166667 0.6181577703125 0.5177362791666666 0.6429172249999999 0.5214690958333333 0.654666740625 0.5010967541666667 0.668945171875 0.46495541041666666 0.7037641625 0.42218496666666666 0.7554668 0.47787729791666667 0.804933621875 0.5332181416666667 0.8503902765625 0.5939156874999999 0.8952849484375 0.6354465125 0.9219552156249999 0.6312110520833334 0.950728875 0.6677706604166667 0.9361012234375 0.6912232270833333 0.9107075234374999 0.7098545166666667 0.9074038671875 0.72172315625 0.8886215156249999 0.78091519375 0.8392431046875 0.7915782083333334 0.8529635890625 0.79482598125 0.8283405953124999 0.7816017791666667 0.8162378234375 0.7333082979166666 0.7740888609375001 0.6895009979166667 0.73686530625 0.6547328229166667 0.7256737359375001 0.6383616166666666 0.7085050609375 0.5905871770833334 0.6568585437500001
9 0.6155464666666667 0.6178166234375 0.6022050979166667 0.604377128125 0.5753208187500001 0.6368759296875 0.60853188125 0.67656016875 0.6332392416666667 0.7117404875 0.6630022020833334 0.7275042093749999 0.6950920229166666 0.738976771875 0.7175229041666668 0.7636038015625 0.7487422041666666 0.7805637515625 0.7324213833333334 0.7485506296875 0.7225117291666667 0.7280060328125 0.7018218958333333 0.6924042296875 0.6787548124999999 0.6759380312500001 0.6679582416666666 0.629855203125 0.6507165125000001 0.618173915625 0.6358016458333334 0.6022014703125 0.6155464666666667 0.6178166234375
9 0.3888391375 0.7913415234375 0.37507950624999997 0.7577106875 0.36145342708333333 0.7564421953125 0.3285762479166667 0.797663809375 0.2945274395833334 0.82551819375 0.25960811041666665 0.858859965625 0.23644025624999998 0.872082665625 0.2589379145833333 0.9128908656249999 0.2887348708333333 0.8827845203125 0.3108482604166667 0.857531315625 0.35420451875 0.81251229375 0.41292668958333334 0.86570829375 0.46267650416666667 0.9090534828125 0.50514463125 0.946417534375 0.5311243895833333 0.9652761875 0.5569869854166666 0.9827981171875001 0.5728227645833334 0.978438728125 0.576422025 0.957825903125 0.5268397583333333 0.9009729890625 0.47894815208333336 0.8479897484375 0.4627444958333333 0.81731335 0.44578747708333333 0.7934610609375 0.410651425 0.7472337015625 0.3888391375 0.7913415234375
9 0.6964840124999999 0.5081492187500001 0.6641434770833333 0.462977590625 0.6311667395833334 0.42596679843749996 0.62261265 0.436307325 0.6356693041666667 0.461917821875 0.6851344125 0.5174340140625 0.6964840124999999 0.5081492187500001
9 0.57413523125 0.37664046875 0.5831075854166666 0.3864912828125 0.6079321083333333 0.42300832499999996 0.6247051875 0.4293427203125 0.6313342875 0.412459071875 0.6172899458333333 0.3909992390625 0.5952105499999999 0.3703823765625 0.5730807666666667 0.3646099640625 0.5533950125 0.3558831140625 0.5577136395833333 0.37431624375 0.57413523125 0.37664046875
9 0.5308973520833333 0.3150749109375 0.5020049166666667 0.293823803125 0.5130861979166667 0.327735628125 0.5444894354166667 0.36221347187499997 0.5519890583333333 0.3398424375 0.5308973520833333 0.3150749109375
9 0.7211422020833334 0.45025268125 0.7043023458333334 0.427737115625 0.6953463812499999 0.448911921875 0.6972209833333333 0.470299490625 0.7052724270833333 0.5004821374999999 0.7235018458333333 0.508012759375 0.7211422020833334 0.45025268125
9 0.6431197604166666 0.3464699328125 0.6321380354166667 0.3907905140625 0.6650643854166667 0.44264575625 0.6962332958333334 0.4744501546875 0.7034318208333333 0.43322450156250003 0.6823904979166666 0.3936125296875 0.6431197604166666 0.3464699328125
9 0.6408596729166667 0.36694226093750004 0.6364238812499999 0.3471724078125 0.6178429770833334 0.335631615625 0.5414935916666667 0.3126142265625 0.5502983958333334 0.3359727640625 0.5644599041666667 0.35876932031250003 0.5936370479166667 0.36784942656249997 0.6083679770833333 0.36630397812500004 0.6305645333333333 0.3882575640625 0.6408596729166667 0.36694226093750004
9 0.7225985416666667 0.451448909375 0.73384736875 0.471853009375 0.7523111145833333 0.482057078125 0.7799487541666666 0.4427341671875 0.7372463 0.4026966703125 0.7220971083333333 0.384050778125 0.7004863625 0.368780809375 0.6762136583333334 0.3848174484375 0.6980083416666666 0.4176053125 0.7144967104166666 0.436110709375 0.7225985416666667 0.451448909375
9 0.6950125 0.3680060671875 0.6721129645833332 0.33803214375 0.6273179770833334 0.304959253125 0.60565684375 0.30453373125 0.6026433979166667 0.33183017187499997 0.6271000416666667 0.3333114265625 0.65575815 0.3518890890625 0.6778375458333333 0.3725059515625 0.6950125 0.3680060671875
9 0.5753244624999999 0.3131120140625 0.6054892958333333 0.31804145625 0.6092057208333334 0.29876535312499997 0.5491103770833334 0.29157991562499996 0.5453939541666667 0.3108560171875 0.5753244624999999 0.3131120140625
9 0.5248376729166666 0.307616553125 0.55580625625 0.2908774390625 0.5718763604166667 0.2891914953125 0.6177094229166666 0.303269275 0.6168225083333333 0.2777310421875 0.59241625 0.261405340625 0.5306466354166667 0.28137584531250004 0.5029926020833334 0.2896731390625 0.5248376729166666 0.307616553125
9 0.6946446208333333 0.332970278125 0.6838808333333334 0.34893868906250003 0.7054411916666666 0.37905310625 0.71772809375 0.3804620953125 0.7515753541666667 0.41198550312500004 0.7555764916666666 0.380538396875 0.6946446208333333 0.332970278125
9 0.7556936541666667 0.38187512031250004 0.76135145625 0.40016775625 0.75390221875 0.4076943421875 0.79764274375 0.4287367265625 0.8121229562500001 0.3934922140625 0.8138640041666666 0.382517440625 0.7941782520833333 0.3737905890625 0.7786271833333333 0.3659789765625 0.755325775 0.3468393328125 0.73040048125 0.3400111875 0.7224322041666666 0.357035328125 0.7556936541666667 0.38187512031250004
9 0.8605008166666667 0.3749266609375 0.8405643479166667 0.3325007453125 0.8200748416666667 0.345442453125 0.8354747520833333 0.397787409375 0.8186008979166667 0.4211419109375 0.84980380625 0.4070762421875 0.8605008166666667 0.3749266609375
9 0.7302341458333333 0.24559760625 0.7339165750000001 0.2721915703125 0.7721832354166666 0.2924592125 0.8066666979166667 0.3158217859375 0.7619724812499999 0.2530599984375 0.7302341458333333 0.24559760625
9 0.68276080625 0.21280570625 0.6911637375 0.2469985234375 0.70765210625 0.2655039203125 0.7341508999999999 0.2748650171875 0.7380348729166666 0.2420811890625 0.6997518229166667 0.190787928125 0.68276080625 0.21280570625
9 0.6921854208333333 0.1969777921875 0.6846694041666667 0.18832320625 0.5867924416666667 0.1972426359375 0.6105121166666667 0.2365736203125 0.6204557645833333 0.21124815 0.6418825708333333 0.20900022499999998 0.6667574770833333 0.2306728203125 0.6885357708333333 0.232435065625 0.6921854208333333 0.1969777921875
9 0.7925215833333333 0.3240508484375 0.78455330625 0.3410749921875 0.797258475 0.3626753203125 0.7872480479166666 0.37181962031250004 0.8194046479166667 0.399473353125 0.8143666541666666 0.3419942640625 0.7925215833333333 0.3240508484375
9 0.7480440854166667 0.3408581953125 0.78036823125 0.3550042015625 0.7897260708333333 0.322995115625 0.7805697770833333 0.29562641093750003 0.71068194375 0.2692330984375 0.6975912895833333 0.2894926671875 0.7331796020833333 0.3100413 0.7461694833333333 0.31947062656249997 0.7555437083333333 0.318487159375 0.7480440854166667 0.3408581953125
9 0.73587434375 0.3407859296875 0.7257971416666666 0.33374905625 0.69533120625 0.309964996875 0.6540850916666667 0.2711237296875 0.6485104541666666 0.300037884375 0.6782734145833333 0.31580160468749996 0.6879487458333333 0.3336727546875 0.6972058083333333 0.331352565625 0.72656689375 0.357950565625 0.73587434375 0.3407859296875
9 0.6554746541666667 0.2561387859375 0.6428866458333334 0.2358751796875 0.6242389645833334 0.20815321875 0.6109139895833333 0.22573934218749997 0.6290426354166667 0.26295885937499996 0.6486112270833334 0.2703489890625 0.6554746541666667 0.2561387859375
9 0.6228997895833334 0.2082937140625 0.6527963020833333 0.2564197765625 0.66642238125 0.25768827031249997 0.6823753229166667 0.2546656046875 0.6357057312500001 0.200205146875 0.6228997895833334 0.2082937140625