9 0.6421341229166667 0.8996055000000001 0.6591570250000001 0.8980519812500001 0.6656307770833333 0.885177503125 0.7278846041666667 0.8283908234374999 0.8106889645833333 0.7435061484375 0.8411673770833333 0.41632585000000005 0.8359114958333334 0.4161267265625 0.8280134458333334 0.421642740625 0.7339548895833333 0.5480710796875 0.6340853541666667 0.6915831406249999 0.6215612791666667 0.7014626140625 0.5751604479166667 0.7239584765625 0.5749479104166666 0.7715360828125 0.5816610083333333 0.7787403296875001 0.6202743000000001 0.8738143562499999 0.6421341229166667 0.8996055000000001
9 0.39967106875 0.7280184734375 0.38360718125000004 0.7306011671875 0.38816290625 0.7156683328125 0.41013651875 0.69494189375 0.4259610645833333 0.672280471875 0.31929637083333334 0.684905015625 0.2921644354166667 0.534524796875 0.25940232916666667 0.52385155 0.23517259999999998 0.523500928125 0.19611919166666666 0.5690396765625 0.1947367458333333 0.583879984375 0.18020930416666667 0.6265892890625 0.17297402916666668 0.6363145453125 0.15091507499999998 0.6919291734375 0.14233920625 0.7386935046875001 0.12057648958333332 0.7911280671875 0.11047757916666666 0.8315939562500001 0.15246328333333334 0.845169678125 0.33015188333333334 0.8854455359375001 0.44396650625 0.8979839203125 0.4727369166666667 0.928859271875 0.4852325416666667 0.9306091921874999 0.5064864833333333 0.9289323015625 0.5141451895833333 0.9033375609375 0.5290257645833333 0.8341893984375 0.539040975 0.74932596875 0.5379413625 0.7271580421875 0.4814148104166666 0.7224634609375 0.44889205000000004 0.7318689390625 0.39967106875 0.7280184734375
9 0.7254931125 0.5602484249999999 0.8032093833333334 0.4537782390625 0.75919815625 0.42485750468749994 0.7353906458333334 0.38930683125 0.6892815041666667 0.43142683281250005 0.6131989520833333 0.48801266718749997 0.56265769375 0.5453639406249999 0.4854466145833333 0.614064309375 0.43575175625 0.6623296796875 0.37789799583333333 0.7334860109375 0.4008410375 0.7297966031249999 0.42501267083333333 0.7290917765625 0.4597594020833334 0.7280785875 0.49851504583333334 0.7163770781250001 0.5156563083333333 0.726448675 0.5443601291666667 0.72561169375 0.5565870104166667 0.7237449625 0.5685509437499999 0.7279267140625 0.5873658208333333 0.7168066625 0.5875068875 0.7152923437500001 0.6000159020833333 0.71039698125 0.63301076875 0.6958430453125 0.6449965166666666 0.6803915140625 0.6881252020833333 0.6217461828124999 0.7254931125 0.5602484249999999
9 0.10397034375 0.312599059375 0.08718449583333333 0.4927921125 0.3595559104166667 0.5422250140625 0.41214923124999997 0.543711840625 0.468287275 0.5556667265625 0.4775746979166666 0.520661234375 0.44381543125 0.5110742046875 0.46452434583333335 0.4666744484375 0.48712618333333335 0.4343011234375 0.5084813499999999 0.350617234375 0.2130250625 0.319967228125 0.10397034375 0.312599059375
9 0.19994208333333333 0.5574506578125 0.23642259791666667 0.5216522343750001 0.12533146874999998 0.5010432578125 0.10277557708333333 0.664488 0.16013506041666667 0.661305234375 0.18221363124999998 0.6183757437499999 0.19371711041666667 0.575754615625 0.19994208333333333 0.5574506578125
9 0.80500224375 0.450705553125 0.83515771875 0.41811197031249997 0.8411677645833334 0.41632170625000003 0.84845114375 0.3381359484375 0.8309715895833333 0.3336626421875 0.57116749375 0.3246260984375 0.44889775416666666 0.5079056 0.46166202916666665 0.51357421875 0.4804550875 0.522087446875 0.5001946125 0.5366138921875 0.5036163375 0.5969222546874999 0.7323691916666667 0.389394934375 0.7555123708333333 0.415903759375 0.80500224375 0.450705553125
9 0.6693876916666667 0.256823321875 0.7240560041666666 0.252208828125 0.8498266895833333 0.3233696953125 0.8604842416666667 0.2089628046875 0.6450846895833333 0.032511665625000005 0.5935559729166666 0.10046315624999999 0.5492987625 0.171223021875 0.5547364104166667 0.193717515625 0.5403935354166667 0.21829900000000002 0.5125541854166666 0.2583760640625 0.5467776479166666 0.24680670781249997 0.5884727520833334 0.26824396093749997 0.6141551166666667 0.2674950828125 0.6693876916666667 0.256823321875
9 0.49387441875 0.42655333281249996 0.5666353145833334 0.324758253125 0.8484003291666667 0.338681425 0.8498205666666667 0.32343543750000003 0.7285881875 0.2520766734375 0.5940924645833333 0.27261070625 0.5481473104166666 0.24827697343750002 0.5155756416666667 0.258287959375 0.5530846145833334 0.1952758859375 0.5399522645833332 0.174515965625 0.37935097916666666 0.200341828125 0.41924837291666667 0.33811716718749996 0.5102742104166667 0.3475445484375 0.49387441875 0.42655333281249996
9 0.13454958125 0 0.11451022083333333 0.24732967499999997 0.2399408729166667 0.2089375328125 0.2636893125 0.21277565625 0.41605455625 0.1298022203125 0.43478854375 0.1066028984375 0.4238312541666666 0.094840778125 0.44407596875 0.0715974046875 0.4544509208333333 0.041090812500000004 0.4670628416666667 0 0.13454958125 0
9 0.7857108375 0 0.7406427083333333 0.041806893750000004 0.6618847520833333 0.0138993484375 0.8613546500000001 0.199619146875 0.8799501291666666 0 0.7857108375 0
9 0.5947914979166666 0 0.48841032500000003 0.080876071875 0.4380921291666667 0.1034861625 0.42100993541666665 0.1251271140625 0.38608114375 0.144268053125 0.3309486354166667 0.17003893125 0.30608974375000003 0.22664132499999998 0.30203983125 0.2539430796875 0.3096935333333333 0.2688219375 0.3356170354166667 0.2816578578125 0.35360469375000003 0.28264355625 0.4117357333333333 0.321723990625 0.37949204583333335 0.1988275109375 0.5461362416666666 0.1728254421875 0.6453668229166667 0.029483031250000003 0.8604142062500001 0.20971462187499998 0.8604656895833334 0.2091619515625 0.6590043666666666 0.0124731328125 0.7392730479166667 0.0403366296875 0.77353750625 0.012153839062500001 0.7720267770833333 0.012197890625 0.7749755500000001 0 0.5947914979166666 0