3 0.3138759479166667 0.4461249328125 0.2741851458333333 0.4324337015625 0.24201182083333334 0.4269408671875 0.23190986041666667 0.4215974828125 0.21142912291666666 0.420805959375 0.18772856458333334 0.42892353749999995 0.14835771250000002 0.42669841406250003 0.1442620208333333 0.4294387390625 0.14004834583333334 0.44056078125000003 0.16474732291666666 0.45921657031249996 0.18129576666666666 0.4902212046875 0.19911488958333334 0.50911765625 0.3132974291666667 0.5604992875 0.33369875 0.562047575 0.34391869583333334 0.5590092390625 0.35628518541666665 0.5500315015624999 0.37119531041666665 0.531330553125 0.37739670000000003 0.51578263125 0.3796998 0.49383655312499997 0.36176041458333336 0.4688286671875 0.3138759479166667 0.4461249328125
3 0.6016273020833334 0.374902625 0.5878290208333333 0.3830089125 0.5796807666666666 0.40985091249999994 0.5951967895833333 0.45069344375 0.6091970354166667 0.4624349796875 0.6125416875 0.488623615625 0.6164399770833333 0.495021771875 0.6230815833333333 0.4970513875 0.6348921541666667 0.4933709796875 0.64097555625 0.48620477500000003 0.6396186208333333 0.4555902578125 0.6434714958333333 0.4261339109375 0.6336055083333334 0.404027090625 0.6287904979166666 0.3845919640625 0.6175744145833334 0.37535008593749997 0.6016273020833334 0.374902625
3 0.5556648229166666 0.435488690625 0.5459282270833333 0.47746591406250005 0.5501056145833334 0.48846197968749994 0.5624358208333333 0.501602353125 0.5668923125 0.51719633125 0.5745686229166667 0.523881203125 0.5853853395833333 0.5224137359375 0.59003695 0.51437608125 0.595634725 0.45377783125000004 0.5838173083333333 0.4139787828125 0.57538539375 0.407236565625 0.5632957208333333 0.4063190609375 0.5582061729166666 0.41127232812500003 0.5556648229166666 0.435488690625
3 0.5682446854166667 0.5188245421875 0.5647026354166667 0.5017743859375 0.5462073270833333 0.482063828125 0.5417553979166667 0.495456153125 0.54438529375 0.5284556421875 0.5376711145833333 0.57066224375 0.54674065 0.5858435234375 0.5470220354166667 0.6049345890625 0.5533459708333334 0.6099912515625 0.5601464104166667 0.610507346875 0.56833779375 0.6050266953125 0.56793614375 0.579824196875 0.5728260083333333 0.5695162593750001 0.5838401229166668 0.5589103109375 0.5879335354166667 0.5416768328125 0.5789434166666666 0.525738790625 0.5682446854166667 0.5188245421875
3 0.63739721875 0.49127272812499995 0.6286884833333333 0.4944257515625 0.6197800625000001 0.49222410156249996 0.6057798145833334 0.4804825640625 0.5981489166666666 0.509652190625 0.5966014208333333 0.5316556140625 0.5999823562500001 0.5357261390625 0.6029276395833333 0.5512054296875 0.6100865958333334 0.555562675 0.6242071145833333 0.573415646875 0.6275903333333334 0.591979325 0.6349489729166666 0.6016912453125001 0.64485125 0.6016799546875 0.6525252791666667 0.593871675 0.6521259104166667 0.5831623296874999 0.64838645625 0.5752506515625 0.6608255229166667 0.522036696875 0.6626089854166667 0.48326983749999997 0.6430426874999999 0.481022134375 0.63739721875 0.49127272812499995
3 0.38905756249999995 0.57158835625 0.36603319166666665 0.5805200390625 0.35601293125000005 0.588913046875 0.33422066666666667 0.5933615078125001 0.3170822958333333 0.6042654671875 0.3020496229166667 0.602361825 0.2985915520833334 0.6135412140625001 0.3016162520833333 0.6282637421875 0.35402978125 0.622325234375 0.40759828125 0.627153415625 0.41765939375 0.6256286015625 0.41562854791666665 0.608693134375 0.4217096708333333 0.587033775 0.4191229083333334 0.5753956359375 0.41490695 0.5720245265624999 0.38905756249999995 0.57158835625
3 0.21172191458333334 0.5123627890625 0.2002290125 0.5130161515625 0.19899690208333334 0.5174993734375 0.204209 0.533150696875 0.2283543375 0.5715969656250001 0.23770525625 0.6058693109375 0.24554040416666664 0.611040659375 0.2783104979166667 0.6181043609375 0.29656527083333334 0.6255920500000001 0.30125773333333333 0.6244225921875 0.3007766666666667 0.5999768546875 0.3166443625 0.6011810765625001 0.32376247083333337 0.598670128125 0.3228865979166667 0.59250135 0.3149311875 0.5812185640624999 0.28124208958333335 0.5466247359375 0.21172191458333334 0.5123627890625
3 0.3515678479166667 0.645784834375 0.3618286416666667 0.6496146953124999 0.36302218124999996 0.6527564265625 0.3709753125 0.6495460609375 0.3799608666666667 0.6364977953125 0.38043737083333334 0.631957228125 0.3720848729166667 0.6244582484375 0.35025176041666667 0.6220385140625 0.3217384708333333 0.6252141171875001 0.3447265583333333 0.63840054375 0.3515678479166667 0.645784834375
3 0.6920253020833333 0.406172290625 0.6730943416666667 0.397870496875 0.6562327916666667 0.39887921406250004 0.6384976541666667 0.40821230625 0.6418808708333333 0.42677598593750005 0.6381074083333333 0.4554755703125 0.6418899958333333 0.48474859531250003 0.6678210833333333 0.49892115937500003 0.6734325458333333 0.5252818265625 0.6927243083333334 0.5519179234375 0.7072396270833334 0.5514939359375 0.7164248666666667 0.543800346875 0.7170987708333333 0.5301212984375 0.7124040291666667 0.5167976046875 0.7228190958333334 0.49012763593750003 0.7232933145833333 0.471093915625 0.6974348041666667 0.4126851328125 0.6920253020833333 0.406172290625
3 0.7161843333333333 0.5315774765625 0.7130847791666667 0.5465980140625 0.7058872520833332 0.5498657265625 0.6938769958333334 0.5481914609375 0.68548365 0.5338242859375 0.683573075 0.523000253125 0.6693754208333333 0.5203971953125001 0.6552640333333334 0.5605168359375 0.6640544666666667 0.5711002015625 0.6762644062500001 0.5781291390625001 0.68525224375 0.5795740281249999 0.6977412833333333 0.591200878125 0.7074484375 0.6148212203125001 0.7145279791666667 0.6199352265625 0.7261003 0.618525103125 0.7318251854166667 0.6075177468749999 0.7241465916666667 0.5863397203125 0.73193404375 0.5411634171874999 0.7246525333333333 0.5162015828125 0.7168559562500001 0.5034052765625 0.7109722354166668 0.5159261546875 0.7161843333333333 0.5315774765625
3 0.23747363124999998 0.3976104984375 0.21631670625000002 0.3960048671875 0.20721088333333335 0.402941696875 0.20633729374999998 0.4112660734375 0.21007674999999998 0.4191777484375 0.21882633541666668 0.42289292187500005 0.23023981666666668 0.42299631875 0.23171246041666665 0.43073596406250003 0.23736021041666666 0.434978521875 0.27068622291666666 0.4367448953125 0.32533028125 0.45309652656250005 0.34959132291666667 0.4686679234375 0.38685647708333337 0.4837006453125 0.40765488541666667 0.481465125 0.40065247708333335 0.46110120468750004 0.36859713958333334 0.44722665156249997 0.3481141208333333 0.431941975 0.30985510833333335 0.4191221921875 0.28746379375 0.4075066328125 0.2610176375 0.4054995953125 0.23747363124999998 0.3976104984375