7 0.47639499583333333 0.575434140625 0.49176908125 0.5879154671875 0.5125340895833334 0.5858626390625 0.6024812479166666 0.5303895125 0.69839783125 0.485096409375 0.7224278604166667 0.4614497328125 0.7418489916666666 0.42775778124999997 0.7690083520833333 0.415379659375 0.7628687104166667 0.3914845078125 0.74708634375 0.368004125 0.73460353125 0.36950743125 0.71684883125 0.38418685625000004 0.68419616875 0.3809528015625 0.6508293208333333 0.3858669703125 0.4479250604166667 0.49316440000000006 0.44501713125000003 0.5106841359375001 0.47959217291666667 0.57027149375 0.47639499583333333 0.575434140625
9 0.8550645041666667 0.6704718625 0.8981931083333333 0.66378488125 0.9035328395833333 0.6341775578125 0.8814751458333333 0.6196644296875 0.8734988520833333 0.6010666765625 0.8236009145833333 0.54407115625 0.7115103354166668 0.5233804531249999 0.7018676104166667 0.523795225 0.6943507875 0.5312696906250001 0.6844021583333333 0.5508317390624999 0.6472620979166667 0.7553669249999999 0.6649150395833333 0.76533430625 0.7645427687499999 0.7752018484375001 0.77006668125 0.76342051875 0.7692334645833333 0.77292678125 0.7751177791666667 0.7762492421875 0.8635120604166667 0.785004175 0.8700993854166666 0.7651092078125 0.8624123395833333 0.7588685453124999 0.8624801833333334 0.7424373390625 0.8414937666666666 0.7157018765625 0.8415104166666667 0.6841975046875 0.8550645041666667 0.6704718625
10 1 0.6590419046875 0.9483624104166667 0.6550555874999999 0.8691459041666667 0.6663872343749999 0.8464252166666667 0.675095496875 0.8416806395833334 0.6979126328125 0.8443338520833333 0.7146133421875 0.8842319729166667 0.7760977453125 0.8832797270833334 0.786962046875 1 0.798522503125 1 0.6590419046875
7 0.9327823333333334 0.47269531875000004 0.95800266875 0.43546826406249994 0.960740375 0.40423339843750006 0.9488015291666667 0.38387335 0.9130195270833333 0.3693707375 0.86208485 0.371175090625 0.8178849708333333 0.3900844109375 0.7915421708333333 0.4244606359375 0.7974437541666667 0.4510718671875 0.8115763416666667 0.4620604046875 0.8667628229166666 0.4743754359375 0.9145003229166666 0.4777337265625 0.9327823333333334 0.47269531875000004
8 0.4175160958333333 0.386045725 0.45266840416666665 0.3607609890625 0.46877332708333336 0.3335897203125 0.47026953541666666 0.3008620671875 0.45833068958333334 0.2805020171875 0.43787158541666665 0.26340756875000004 0.42190234583333336 0.2577164265625 0.37817858958333334 0.2711935953125 0.34255015624999996 0.30191048125000003 0.32573105 0.3372299734375 0.32382655833333335 0.35895857656249996 0.33304434791666665 0.37904912031250004 0.36350326875 0.39165468593749997 0.39479540416666664 0.3947539875 0.4175160958333333 0.386045725
7 0.047200325 0.6027861 0.042151181249999996 0.60278996875 0.04906883124999999 0.7017169812499999 0.11495534375 0.675248528125 0.16917169166666665 0.62034595625 0.19757255208333332 0.6094606265625 0.19847361041666664 0.5835231578125 0.1896641 0.5744316671874999 0.15109320208333335 0.576090753125 0.1257704875 0.583171475 0.08879818125 0.582249240625 0.05619670625 0.5940883515625 0.047200325 0.6027861
7 0.22212989166666666 0.5954549640625 0.21517491666666666 0.659147978125 0.23342362916666665 0.717118309375 0.28011246458333333 0.727221871875 0.3039423104166667 0.729582078125 0.30612674791666666 0.7174699921875 0.27714738333333333 0.703641140625 0.29947644375 0.6524294515625 0.297775475 0.62486444375 0.27862571041666667 0.5928315796875 0.2633706520833333 0.5789922125 0.2546289875 0.5534695203125 0.23830265416666666 0.5518524921875 0.21126232083333332 0.562872575 0.22212989166666666 0.5954549640625
7 0.33938262916666667 0.733092234375 0.43728580208333334 0.74278896875 0.4420092958333333 0.717230090625 0.4382848041666667 0.7127517203125 0.42219653125 0.7084186203125 0.3887273041666666 0.6831864578125 0.3067552041666667 0.6476710640625 0.2999525645833333 0.646997303125 0.287639975 0.6622157359374999 0.2763820125 0.6967162 0.27927328749999997 0.7107008328125 0.33938262916666667 0.733092234375
8 1 0.4660394390625 0.9807067041666666 0.4582643703125 0.9504180041666667 0.45937393281250005 0.9143812916666667 0.47909176562500005 0.9005724895833332 0.5270378531250001 0.8799098604166667 0.5592370140625 0.8779887187500001 0.612469984375 0.8992131958333334 0.6364893765625 0.8997916958333333 0.6612035578125 0.9608452208333333 0.65355228125 1 0.569870478125 1 0.4660394390625
8 0.03469547916666667 0.43231168125 0.06255529166666667 0.427599246875 0.12983295208333334 0.3959075515625 0.16078464791666666 0.371576596875 0.17653247708333333 0.34847944375 0.1696441125 0.2861549796875 0.15983116666666666 0.2728546234375 0.12864017708333333 0.190315378125 0.12634405416666666 0.1695405578125 0.11505155208333333 0.15746348593749998 0.11358508333333334 0.1463596234375 0.06022216458333333 0.141074340625 0.03469547916666667 0.43231168125
0 0.9188686875 0.27132252343749996 0.9519974750000001 0.2691244296875 0.9875580645833334 0.254838746875 0.99970653125 0.23412475000000002 0.8683252041666666 0.2211122015625 0.86392026875 0.25629141875 0.8836139979166667 0.2664609265625 0.9188686875 0.27132252343749996
8 0.34529033125 0.4898481671875 0.37426969374999997 0.503677015625 0.3893545291666667 0.5038012546874999 0.39959240833333337 0.49659629375 0.4360028645833333 0.4412999796875 0.46482865833333337 0.40990933281249997 0.46016857708333336 0.38479089375000003 0.4439100833333333 0.3667426625 0.43166533333333335 0.36552989375 0.3952715291666667 0.3893218375 0.3675848541666667 0.39205894375 0.3560376375 0.41420231718749995 0.3487422229166667 0.450465075 0.3401029333333333 0.45508871093750003 0.3394399375 0.4783101046875 0.34529033125 0.4898481671875
6 0.3646781604166666 0.51916495625 0.2939985625 0.49572663125 0.2717539958333333 0.49900274843750003 0.25784281666666664 0.516802503125 0.2538636125 0.5465445796874999 0.2618910958333333 0.5802155 0.26211250625 0.6090037953125 0.2689663333333333 0.6247507203125 0.28622826041666666 0.64700781875 0.30527564791666667 0.6488943500000001 0.4408868270833333 0.7143792640625 0.4346605208333333 0.7425289484375 0.45743456875 0.744784584375 0.45850584583333337 0.7325622468749999 0.4730121791666667 0.707972303125 0.4746786083333333 0.6889597765625 0.4885897895833333 0.67116001875 0.4926201833333333 0.6564911109375 0.48979674791666666 0.6260752734375 0.4949662604166667 0.582752821875 0.43913343541666666 0.5621548109375001 0.4029431520833333 0.536653146875 0.3646781604166666 0.51916495625
6 0.17117486041666666 0.3000048609375 0.17209380208333333 0.3521492984375 0.13587021666666665 0.389656371875 0.20263845208333334 0.4264055671875 0.23416864791666667 0.4267887953125 0.2623826354166667 0.433692703125 0.28525689374999996 0.4702039375 0.3251204770833333 0.48511080624999997 0.35634477291666666 0.5046413125 0.35241552291666667 0.439870278125 0.3376365895833333 0.42059876249999995 0.3488945583333333 0.3860983 0.3335204708333333 0.37361697031249996 0.32613932916666666 0.348229028125 0.32928532083333334 0.327993215625 0.3439106833333333 0.302045234375 0.37817858958333334 0.2711935953125 0.4081780395833333 0.257726940625 0.42994648333333335 0.259882978125 0.4567321 0.2830833390625 0.4663069833333333 0.29909977187500003 0.46629033124999997 0.3306041421875 0.4439100833333333 0.3667426625 0.46117201041666667 0.388999759375 0.46506672083333334 0.4071932578125 0.44363871875 0.43246747812499997 0.43984638541666665 0.44442031093749995 0.44877492708333333 0.45215376406249996 0.4695399333333333 0.4501009390625 0.5139945291666667 0.3969711734375 0.5248787479166667 0.398049190625 0.5461877208333333 0.374133009375 0.5679561625 0.37628904531249996 0.5781940416666667 0.369084084375 0.5960165854166667 0.3379734578125 0.5979722645833333 0.331318021875 0.5892817854166666 0.3208684921875 0.6017134062499999 0.3042920203125 0.6046891770833334 0.2703410796875 0.63036898125 0.2591862453125 0.6316783208333334 0.2442478328125 0.6102836208333334 0.2065133140625 0.5836682208333334 0.1970280796875 0.5850457083333332 0.1930550296875 0.34162463541666666 0.1689456015625 0.3535009854166667 0.1769710203125 0.3556268875 0.1840307125 0.32373959583333334 0.1877215984375 0.3003047208333333 0.20457809062500001 0.28591742291666666 0.22780999531249999 0.24977832708333333 0.2173814953125 0.2134523625 0.22474223750000002 0.19568101041666666 0.27092603125000003 0.1781643708333333 0.2828893796875 0.17117486041666666 0.3000048609375