7 0.5430514708333334 0.4053539453125 0.5267002083333333 0.3942605859375 0.5062611270833333 0.398111353125 0.42177959375 0.4611835828125 0.33048503541666663 0.5146363453125 0.30868334999999997 0.5402773703125 0.2923320875 0.575522003125 0.26644258541666666 0.59021239375 0.2746182166666667 0.6134765421874999 0.2923320875 0.6354888187500001 0.3045955354166667 0.6329057812500001 0.32094679791666664 0.6167414984375 0.35364932708333335 0.617122103125 0.3863518541666667 0.6093254171875 0.5784792104166667 0.4848134328125 0.5798418166666667 0.4671118234375 0.5403262604166666 0.4107737578125 0.5430514708333334 0.4053539453125
9 0.15879676041666665 0.34364077656249997 0.11655599583333333 0.3540522203125 0.11383078541666666 0.384003909375 0.13699507708333333 0.3965394453125 0.14653331458333335 0.414367921875 0.20103752708333333 0.46679178749999994 0.3141337708333333 0.477648225 0.3236720083333333 0.4763963515625 0.33048503541666663 0.4682983515625 0.33866066666666667 0.4479502703125 0.35773714375 0.2410142015625 0.3393419729166667 0.23262281875 0.23956209583333335 0.23146154062500002 0.23510266041666666 0.24367557812500001 0.23510266041666666 0.23413540156249998 0.2289709375 0.231338275 0.1404416666666667 0.230307934375 0.13563247083333335 0.2506951953125 0.14380810416666667 0.256241875 0.14517070833333331 0.2726123203125 0.16833499999999998 0.29741379375 0.17106021041666666 0.32879179999999997 0.15879676041666665 0.34364077656249997
10 0 0.366371940625 0.004822356250000001 0.3677435203125 0.06750220416666666 0.3671101328125 0.14517070833333331 0.3489337203125 0.16697239375 0.3382844 0.16969760416666665 0.3151471203125 0.16560978750000002 0.298744959375 0.12064381041666666 0.24098057499999997 0.1206438125 0.23007751875000002 0 0.22867341562500001 0 0.366371940625
7 0.09884212708333333 0.547375325 0.07704043958333333 0.586645171875 0.07704043958333333 0.617991459375 0.09066649375 0.6372303984375 0.1274568375 0.648561634375 0.1778732375 0.642333990625 0.22011400208333332 0.6196566109375 0.24327829374999999 0.5831283875 0.23510266041666666 0.557138475 0.22011400208333332 0.54742385625 0.16424718333333335 0.53995924375 0.11655599583333333 0.5407670765625 0.09884212708333333 0.547375325
8 0.6179947645833334 0.588852375 0.5852922374999999 0.617092296875 0.5716661833333333 0.6455542375000001 0.5730287875 0.678279265625 0.5866548416666666 0.697518203125 0.6084565270833333 0.7127636421875 0.6248077916666667 0.7170425921875 0.6670485583333333 0.699816740625 0.6997510874999999 0.6661252921874999 0.7133771395833333 0.629486059375 0.7133771416666667 0.60767994375 0.7024762979166667 0.5884727265625 0.6711363729166667 0.5785678046875 0.6397964500000001 0.5782030578125 0.6179947645833334 0.588852375
7 0.9913486333333333 0.33861123593750003 0.9913486312500001 0.24021114531249999 0.9613713145833334 0.23986225625 0.8932410458333333 0.27450426562499997 0.8441872541666666 0.3339001703125 0.8169351458333334 0.3472118203125 0.8182977520833333 0.373122440625 0.8278359895833333 0.38141074218750004 0.8659889395833333 0.3764032546875 0.8905158333333334 0.367148534375 0.92730618125 0.36485095 0.9586461020833333 0.35022399375 0.9668217333333333 0.340778971875 0.9913486333333333 0.33861123593750003
7 0.7937708541666667 0.3632968109375 0.7951334604166667 0.2992572078125 0.7719691708333334 0.24310944375000001 0.7247321833333333 0.23710815156249998 0.7008659458333334 0.2368303859375 0.6997510874999999 0.24908334999999998 0.7297284041666666 0.260335296875 0.7120145333333333 0.3132815390625 0.71610235 0.34058675781250003 0.7379040354166667 0.370823903125 0.7542553020833334 0.3832801453125 0.76515614375 0.4079388921875 0.7815074083333333 0.40812919531249997 0.8073969083333333 0.3948016859375 0.7937708541666667 0.3632968109375
7 0.6653715041666667 0.2364172875 0.5673188229166667 0.2352761078125 0.5648531583333334 0.261142171875 0.5689409729166666 0.2652783953125 0.5852922354166666 0.2681944625 0.620719975 0.29041290000000003 0.7052015083333333 0.318653775 0.7120145333333333 0.3187330671875 0.7229153770833334 0.30250535156249997 0.7310910083333333 0.2671655640625 0.72700319375 0.25348916718750003 0.6653715041666667 0.2364172875
8 0.05523875416666667 0.36969317031250004 0.004822358333333333 0.5081203828125 0.0061849625 0.5517484703125 0.052513543749999995 0.565916484375 0.0824908625 0.5621767265625001 0.11655599583333333 0.53940419375 0.12609423541666667 0.49045144531249996 0.14380810416666667 0.45658555312500004 0.14108289375000002 0.4034014328125 0.11791860208333334 0.381325721875 0.11519339166666667 0.35676212500000004 0.05523875416666667 0.36969317031250004
8 0.9382070208333333 0.790197053125 0.9406294354166668 0.8011283046875001 0.9865148229166666 0.8016623375 0.9913486333333333 0.52473355625 0.9913486333333333 0.5101857109375 0.9668217333333333 0.5165907703125 0.9027792833333332 0.5540061171875 0.8741645729166667 0.5809307312499999 0.8605385166666667 0.6053040234375 0.8728019666666668 0.66677645 0.8837028083333334 0.6791692546875 0.9218557583333333 0.7586604609375 0.925943575 0.77915126875 0.9382070208333333 0.790197053125
0 0.13018205 0.74672086875 0.09747952083333335 0.7517917921875 0.0634143875 0.7691127953125 0.053154768750000005 0.7907995046875 0.18473672916666667 0.7923309109375001 0.18604886874999998 0.7569112453125 0.16560978750000002 0.7484960734375 0.13018205 0.74672086875
8 0.6806746104166667 0.47918841562500003 0.65069729375 0.46793647031249996 0.6357086354166667 0.4691249078125 0.6261703979166667 0.477191190625 0.594830475 0.5354303781249999 0.5689409729166666 0.5692011171875 0.575754 0.5938122890625 0.5934678666666666 0.6103730374999999 0.6057313166666667 0.6105157640625001 0.6397964520833334 0.5836545859375 0.6670485583333333 0.578520228125 0.6765867958333334 0.555462240625 0.6806746104166667 0.5187119984375 0.6888502458333333 0.513355621875 0.6874876375 0.49017076406250004 0.6806746104166667 0.47918841562500003
6 0.658872925 0.451677034375 0.7310910083333333 0.46887212656250005 0.7528926958333333 0.46367433281250003 0.7651561458333334 0.44473671093749995 0.7665187479166666 0.4147691625 0.75561790625 0.381933121875 0.7528926958333333 0.353280878125 0.7447170645833334 0.3381940234375 0.7256405895833333 0.3175287703125 0.7065641145833333 0.31730675 0.5662157625 0.2638837953125 0.5699481145833333 0.235306709375 0.5471392875000001 0.2350412515625 0.5471392854166666 0.247307190625 0.5348758375 0.273059225 0.5348758375 0.292139575 0.5226123916666666 0.3110771984375 0.5198871791666667 0.326037184375 0.5253376020833334 0.356084028125 0.5239749958333333 0.399680396875 0.5812044208333333 0.4153381625 0.6193573729166667 0.43758831562499995 0.658872925 0.451677034375
6 0.8700767541666666 0.6531159093750001 0.8646263354166667 0.601262953125 0.8973288625 0.56075709375 0.8278359895833333 0.5299648984374999 0.7964960645833333 0.532325915625 0.7678813541666667 0.5279042406250001 0.7419918520833334 0.493530875 0.7011136895833334 0.482152059375 0.6684111645833333 0.4654168671875 0.6779493999999999 0.5295833390625 0.6943006645833333 0.547491109375 0.6861250333333333 0.58283089375 0.7024762979166667 0.5939242546875 0.7120145333333333 0.61856714375 0.7106519291666668 0.6389945171875 0.69838848125 0.6661094328125 0.6670485583333333 0.699816740625 0.63843384375 0.7158382984375 0.6166321604166666 0.715584559375 0.5880174479166667 0.6948082984374999 0.5771166041666667 0.6796897234375 0.57439139375 0.64831171875 0.5934678666666666 0.6103730374999999 0.57439139375 0.589707784375 0.5689409729166666 0.5719268828125 0.5880174479166667 0.544891259375 0.5907426583333333 0.5326570375 0.5812044208333333 0.5257316171874999 0.5607653395833334 0.5295823828125 0.5212497854166667 0.5863635359375 0.5103489416666667 0.5862366671875 0.4912724666666667 0.6119094078125 0.46947078125 0.611655671875 0.45993254375 0.6197219546875 0.4449438854166667 0.65225668125 0.4435812791666667 0.6590552359374999 0.45311951666666667 0.6687064203124999 0.44221867291666667 0.6862970203125001 0.44221867291666667 0.7203690734375 0.4176917770833333 0.733712440625 0.4176917770833333 0.74870414375 0.442218675 0.784424534375 0.46947078125 0.7915561171875 0.4684488270833333 0.7956328703125 0.7122416354166667 0.7984702328125 0.6997510874999999 0.79151045 0.697025875 0.7846643234374999 0.7283657979166667 0.778214659375 0.7501674854166667 0.7593880453125 0.7624309312499999 0.7349988953125 0.7992212770833333 0.7422414875000001 0.8346490166666667 0.731750753125 0.84827506875 0.6842084640625 0.8646263354166667 0.67076994375 0.8700767541666666 0.6531159093750001