10 0.5816666666666667 0.2267708328125 0.64 0.18843749999999998 0.6283333333333334 0.1501041671875 0.6116666666666667 0.1367708328125 0.58 0.12677083281249998 0.4983333333333333 0.12677083281249998 0.4266666666666667 0.1284375 0.40166666666666667 0.1417708328125 0.38833333333333336 0.1767708328125 0.43333333333333335 0.2301041671875 0.47333333333333333 0.2367708328125 0.5066666666666666 0.22510416718749998 0.5816666666666667 0.2267708328125
10 0.3233333333333333 0.3301041671875 0.445 0.3217708328125 0.4533333333333333 0.3151041671875 0.4516666666666667 0.3017708328125 0.4766666666666667 0.2734375 0.515 0.2567708328125 0.48833333333333334 0.2367708328125 0.44166666666666665 0.2351041671875 0.4166666666666667 0.2184375 0.38 0.21677083281249998 0.2816666666666666 0.22510416718749998 0.255 0.2567708328125 0.26 0.28177083281250004 0.2533333333333333 0.30343749999999997 0.29333333333333333 0.3101041671875 0.305 0.32677083281249997 0.3233333333333333 0.3301041671875
10 0.53 0.2601041671875 0.6616666666666667 0.2484375 0.7200000000000001 0.26510416718749996 0.75 0.2584375 0.745 0.2367708328125 0.7233333333333333 0.2117708328125 0.6783333333333333 0.19677083281250002 0.65 0.19677083281250002 0.615 0.2034375 0.5883333333333333 0.2234375 0.5516666666666666 0.23177083281250002 0.5133333333333333 0.23177083281250002 0.5016666666666667 0.2451041671875 0.5016666666666667 0.2567708328125 0.53 0.2601041671875
10 0.6916666666666667 0.35343749999999996 0.7233333333333333 0.3201041671875 0.7483333333333333 0.30843750000000003 0.7483333333333333 0.2967708328125 0.7283333333333334 0.26677083281249997 0.6666666666666666 0.2451041671875 0.6416666666666667 0.2451041671875 0.48333333333333334 0.26677083281249997 0.46499999999999997 0.28010416718750003 0.45 0.3101041671875 0.4966666666666667 0.3617708328125 0.52 0.3767708328125 0.5399999999999999 0.3784375 0.6916666666666667 0.35343749999999996
10 0.335 0.3851041671875 0.3516666666666667 0.3751041671875 0.4033333333333333 0.3651041671875 0.39166666666666666 0.3401041671875 0.3733333333333333 0.32677083281249997 0.315 0.3284375 0.28833333333333333 0.3067708328125 0.19166666666666668 0.3051041671875 0.1716666666666667 0.3117708328125 0.15 0.3351041671875 0.14666666666666667 0.3567708328125 0.15833333333333333 0.3884375 0.19833333333333333 0.4067708328125 0.31833333333333336 0.4067708328125 0.335 0.3851041671875
10 0.38666666666666666 0.4984375 0.5433333333333333 0.4767708328125 0.5566666666666666 0.4717708328125 0.5916666666666667 0.43510416718749995 0.6216666666666666 0.4267708328125 0.62 0.4101041671875 0.5833333333333334 0.3801041671875 0.5283333333333333 0.3801041671875 0.495 0.3651041671875 0.4533333333333333 0.36343749999999997 0.3516666666666667 0.3734375 0.33 0.3884375 0.31166666666666665 0.4251041671875 0.33999999999999997 0.46677083281250004 0.37 0.4767708328125 0.3766666666666667 0.4951041671875 0.38666666666666666 0.4984375
10 0.7633333333333333 0.2567708328125 0.7283333333333334 0.2617708328125 0.7483333333333333 0.3017708328125 0.7466666666666666 0.31677083281249996 0.8133333333333332 0.3317708328125 0.84 0.30843750000000003 0.8216666666666667 0.2784375 0.7633333333333333 0.2567708328125
10 0.075 0.5267708328125 0.13499999999999998 0.5167708328125 0.18000000000000002 0.5067708328125 0.23166666666666666 0.48510416718749994 0.23 0.4734375 0.26833333333333337 0.4484375 0.26833333333333337 0.41510416718750004 0.25666666666666665 0.4017708328125 0.21833333333333332 0.4067708328125 0.19499999999999998 0.39177083281249997 0.16166666666666665 0.3884375 0.041666666666666664 0.41677083281250005 0.03166666666666666 0.42843749999999997 0.015000000000000001 0.48343749999999996 0.0033333333333333335 0.49343750000000003 0.0033333333333333335 0.5017708328125 0.043333333333333335 0.5101041671875 0.075 0.5267708328125
10 0.6266666666666667 0.43510416718749995 0.6649999999999999 0.43177083281249995 0.7783333333333334 0.4051041671875 0.8116666666666668 0.4067708328125 0.8466666666666666 0.3801041671875 0.8366666666666667 0.3334375 0.7733333333333333 0.31677083281249996 0.7416666666666667 0.31677083281249996 0.7216666666666666 0.3234375 0.69 0.35510416718750004 0.6116666666666667 0.36843750000000003 0.5916666666666667 0.3784375 0.6 0.3984375 0.6183333333333334 0.40843749999999995 0.6266666666666667 0.43510416718749995
10 0.645 0.6017708328125 0.6799999999999999 0.6001041671875 0.8383333333333333 0.5551041671875 0.8583333333333333 0.5384375 0.9049999999999999 0.5251041671875 0.9166666666666666 0.5151041671875001 0.9149999999999999 0.4967708328125 0.8866666666666667 0.4534375 0.8083333333333333 0.4101041671875 0.7716666666666666 0.4067708328125 0.58 0.4467708328125 0.5633333333333332 0.46010416718749997 0.5483333333333333 0.48510416718749994 0.55 0.5084375 0.5966666666666666 0.5667708328125001 0.6233333333333333 0.5801041671875 0.645 0.6017708328125
10 0.335 0.6017708328125 0.44166666666666665 0.5717708328125 0.4583333333333333 0.5517708328125 0.48333333333333334 0.5367708328125 0.4683333333333334 0.5034375 0.4516666666666667 0.49010416718750005 0.38666666666666666 0.4967708328125 0.36333333333333334 0.4734375 0.33166666666666667 0.46677083281250004 0.23 0.48677083281250005 0.20833333333333334 0.5001041671875 0.19833333333333333 0.5617708328125001 0.21 0.5934375000000001 0.24333333333333332 0.5984375 0.26333333333333336 0.6101041671874999 0.335 0.6017708328125
10 0 0.6184375 0.008333333333333333 0.6267708328125 0.028333333333333332 0.6334375 0.10833333333333334 0.6151041671875 0.14333333333333334 0.5784374999999999 0.14666666666666667 0.5401041671875 0.13499999999999998 0.5167708328125 0.06666666666666667 0.5251041671875 0.018333333333333333 0.5051041671875 0.006666666666666667 0.49343750000000003 0 0.5017708328125 0 0.6184375
10 0.13333333333333333 0.7617708328125 0.15166666666666667 0.7717708328125 0.21 0.7784375 0.2916666666666667 0.7534375 0.315 0.7401041671875 0.3433333333333334 0.6901041671875 0.305 0.6134375000000001 0.2733333333333333 0.6117708328125 0.26 0.5984375 0.215 0.5934375000000001 0.18833333333333335 0.5667708328125001 0.13666666666666666 0.5867708328125001 0.10833333333333334 0.6234375 0.09833333333333334 0.6634375 0.09833333333333334 0.6951041671875 0.10833333333333334 0.7184375000000001 0.12166666666666666 0.7301041671874999 0.13333333333333333 0.7617708328125
10 0.5 0.7534375 0.5399999999999999 0.7367708328125 0.65 0.7084374999999999 0.7366666666666667 0.6634375 0.7383333333333333 0.6334375 0.7066666666666667 0.5967708328125 0.65 0.5984375 0.5933333333333334 0.5601041671875 0.5816666666666667 0.5451041671875 0.5666666666666667 0.5451041671875 0.5383333333333333 0.5567708328125 0.41000000000000003 0.5801041671875 0.3766666666666667 0.6101041671874999 0.3733333333333333 0.6417708328125 0.4233333333333333 0.7417708328125 0.45666666666666667 0.7567708328125 0.5 0.7534375
10 0.48000000000000004 0.7517708328125 0.44166666666666665 0.7451041671875 0.41333333333333333 0.7234375 0.39333333333333337 0.6751041671875 0.3766666666666667 0.6734375 0.345 0.6934375 0.325 0.7201041671875 0.32166666666666666 0.7351041671874999 0.335 0.7634375 0.33166666666666667 0.7901041671875 0.35333333333333333 0.8467708328124999 0.38166666666666665 0.8751041671875001 0.4533333333333333 0.8751041671875001 0.49333333333333335 0.8684375 0.5066666666666666 0.8751041671875001 0.6033333333333334 0.8751041671875001 0.625 0.8551041671874999 0.6366666666666667 0.8234375 0.6133333333333333 0.7867708328125 0.565 0.7334375 0.53 0.7351041671874999 0.48000000000000004 0.7517708328125
10 1 0.7617708328125 0.9816666666666667 0.7517708328125 0.9583333333333334 0.7517708328125 0.7266666666666667 0.8534375000000001 0.725 0.8751041671875001 0.8350000000000001 0.8701041671875 0.855 0.8751041671875001 1 0.8751041671875001 1 0.7617708328125
10 1 0.5267708328125 0.9049999999999999 0.47010416718750003 0.9016666666666667 0.4767708328125 0.9116666666666667 0.49343750000000003 0.9116666666666667 0.5151041671875001 0.9049999999999999 0.5217708328125 0.87 0.5317708328124999 0.8316666666666667 0.5551041671875 0.7066666666666667 0.5884375000000001 0.7033333333333334 0.5951041671875 0.7466666666666666 0.6367708328125 0.7899999999999999 0.6667708328125 0.865 0.6401041671875001 0.9 0.6451041671875 0.98 0.6134375000000001 0.9833333333333333 0.5967708328125 1 0.5767708328125 1 0.5267708328125
10 0.9066666666666666 0.4717708328125 0.92 0.45843749999999994 0.9600000000000001 0.44343750000000004 0.9616666666666667 0.4267708328125 0.9433333333333334 0.4034375 0.895 0.3784375 0.85 0.3667708328125 0.8416666666666667 0.3834375 0.8133333333333332 0.40010416718749997 0.81 0.40843749999999995 0.8200000000000001 0.4217708328125 0.8566666666666667 0.43843750000000004 0.895 0.4717708328125 0.9066666666666666 0.4717708328125
10 0.66 0.8051041671875 0.7183333333333334 0.7901041671875 0.7466666666666666 0.7984375 0.7966666666666666 0.7817708328124999 0.8316666666666667 0.7651041671875001 0.84 0.7451041671875 0.8783333333333334 0.7234375 0.8833333333333333 0.7084374999999999 0.8783333333333334 0.6951041671875 0.8383333333333333 0.6534375 0.7899999999999999 0.6617708328125 0.7566666666666666 0.6451041671875 0.74 0.6667708328125 0.6916666666666667 0.6817708328125 0.625 0.7151041671875 0.5700000000000001 0.7301041671874999 0.5666666666666667 0.7417708328125 0.6133333333333333 0.7934375 0.66 0.8051041671875
10 0.8516666666666667 0.6634375 0.8816666666666666 0.6951041671875 0.885 0.7084374999999999 0.935 0.7517708328125 0.955 0.7551041671875 0.9966666666666666 0.7484375 0.9983333333333333 0.5917708328125 0.985 0.5984375 0.985 0.6101041671874999 0.965 0.6201041671875 0.9 0.6434375 0.86 0.6417708328125 0.8383333333333333 0.6567708328124999 0.8516666666666667 0.6634375
10 1 0.4951041671875 0.9166666666666666 0.4534375 0.8966666666666666 0.46177083281250003 0.9 0.47010416718750003 0.92 0.4767708328125 0.9833333333333333 0.5201041671875 1 0.5234375 1 0.4951041671875