3 0.3237506541666667 0.44131634531249997 0.2827783770833333 0.43136403906250004 0.2500572020833333 0.4288873390625 0.23946629583333331 0.424500425 0.21887372291666668 0.4256218328125 0.19583491666666666 0.43592949531249997 0.15618746666666666 0.4373835078125 0.15232327291666667 0.4404988078125 0.14907492916666668 0.4519849515625 0.17545906875 0.4682876 0.19475727916666666 0.4976673 0.21426835416666667 0.5148518796875 0.33318795625 0.5554460515625 0.353767225 0.5550868390625 0.36374228125 0.5511029109375001 0.37534816249999997 0.5409948109375 0.3886513875 0.5209515671875 0.3935039458333333 0.50486564375 0.39388976875000004 0.48276198593749997 0.3737229270833333 0.45949314843750005 0.3237506541666667 0.44131634531249997
3 0.6058615666666667 0.34343260781249996 0.5927446 0.352805121875 0.5869302854166667 0.3803372734375 0.6060555416666666 0.4196255125 0.6211131833333333 0.4300301609375 0.6267584041666667 0.4558383609375 0.6312251416666667 0.46185609687499996 0.6380582916666667 0.46326075 0.6495710416666667 0.4584880171875 0.65503945 0.4507729375 0.6509984458333334 0.4203649578125 0.6522795041666666 0.39062604375 0.6404568958333333 0.36949744687499997 0.6339297458333333 0.35056230625 0.6218809708333333 0.342391025 0.6058615666666667 0.34343260781249996
3 0.5651098708333334 0.408148815625 0.5590294708333333 0.450924871875 0.5641785791666667 0.46150247499999997 0.577685225 0.47345812187499997 0.5835167020833333 0.488595590625 0.5917944145833334 0.4945468046875 0.6025050583333333 0.4920739625 0.6064623833333334 0.48362329531250003 0.6067645208333333 0.42266098906250005 0.5914369333333334 0.384068425 0.5823970270833333 0.3781305140625 0.5702019041666666 0.37834338125 0.5655356041666667 0.383758571875 0.5651098708333334 0.408148815625
3 0.5850144833333334 0.490093371875 0.5799718104166666 0.473418209375 0.5597118416666667 0.45548473906250003 0.5564235875 0.46925746718749994 0.56194906875 0.5019254234375 0.5589174499999999 0.5446482625 0.5693354020833333 0.5589437125 0.5712893854166666 0.577958678125 0.5780693166666667 0.5824121109375 0.5849290729166667 0.5822923734375001 0.59265745625 0.5760617703124999 0.5900477125 0.5509625484375 0.5940449458333333 0.540225296875 0.6041530458333334 0.5286194156249999 0.6067456270833333 0.511049015625 0.5963409791666667 0.4959913703125 0.5850144833333334 0.490093371875
3 0.6518975395833333 0.45616151875 0.6434468729166666 0.46011884218750004 0.6343271395833334 0.45875410156249996 0.6192694958333332 0.44834945312499996 0.6141774604166667 0.4781548875 0.6145538354166666 0.500245240625 0.6182982916666667 0.503989696875 0.6226053770833333 0.5191537734375 0.6301608104166667 0.5228317078125 0.6458742145833334 0.5393206125 0.6508902791666666 0.5575201671875 0.6591147770833333 0.5665201609375 0.6690366166666667 0.5655850140625 0.67604271875 0.5570811296875 0.6747045875000001 0.5464370062499999 0.6702644583333334 0.5388948796874999 0.6780688104166667 0.4846592890625 0.6764607374999999 0.44582724999999995 0.6566569687499999 0.4454109625 0.6518975395833333 0.45616151875
3 0.41007653541666667 0.559437696875 0.38778661666666664 0.57049425 0.37848062708333335 0.579800240625 0.3570327291666667 0.58627031875 0.3408137666666667 0.598744828125 0.3255831666666667 0.598248715625 0.3230970208333333 0.60972155625 0.32741741041666667 0.6241234375 0.37941963333333334 0.6133102187499999 0.4335221833333333 0.61312781875 0.44347063125 0.610668278125 0.4399523479166667 0.5939665062499999 0.44414914375 0.5717963265625 0.44053773125 0.5604299203124999 0.43601777708333334 0.557460965625 0.41007653541666667 0.559437696875
3 0.22718576041666666 0.5169122953125 0.215726225 0.518636246875 0.21488420416666668 0.5232227218750001 0.22147787916666667 0.5383468859375 0.24904049791666666 0.5744399984374999 0.26141243125 0.6077504125 0.2697167541666667 0.6121772375 0.30317351458333336 0.6161650265625 0.32212195833333335 0.6219299828125 0.3267217375 0.6203257671875 0.3240986895833334 0.595988740625 0.34010478749999995 0.595709353125 0.34701776041666665 0.592540834375 0.3455998020833333 0.58646988125 0.3366397208333333 0.5759588 0.29985093333333335 0.544598509375 0.22718576041666666 0.5169122953125
3 0.37900720416666667 0.6369382671875 0.3896247208333333 0.6398007906250001 0.39109589375000003 0.6428229609375 0.39878436458333333 0.6388789453125 0.4066457895833333 0.625026390625 0.4067256166666667 0.6204532203124999 0.3976990125 0.6137531140625 0.37560865833333335 0.6133767390625 0.34731431041666666 0.6192043593750001 0.37150498958333333 0.630211553125 0.37900720416666667 0.6369382671875
3 0.6991858333333333 0.3661864390625 0.6794884979166667 0.35967259375 0.66268029375 0.36225186875 0.64572574375 0.3732152921875 0.6507418083333333 0.391414846875 0.6494740541666667 0.420391565625 0.6558282520833333 0.4492352421875 0.6830544104166666 0.46095141406250006 0.6909862145833333 0.486719703125 0.7126508375 0.5114863203125 0.7271591520833333 0.5097091515625001 0.73568964375 0.5011786593750001 0.7351669229166667 0.4874724515625 0.7292955333333333 0.47462156718750004 0.7373964354166667 0.44704950156249995 0.7362046479166667 0.42802123124999997 0.7051769625 0.3721775671875 0.6991858333333333 0.3661864390625
3 0.7343781208333334 0.489010146875 0.7325876458333334 0.50428065625 0.72566136875 0.5082113703125 0.7134795520833334 0.5076620421875 0.7038104916666666 0.49411548281249995 0.7009479666666666 0.48349796874999995 0.6864928708333333 0.4822263578125 0.6758659083333334 0.523557846875 0.6856014916666666 0.53329343125 0.698452375 0.5391648203125 0.7075854104166667 0.539767365625 0.7211186645833333 0.550198621875 0.7329146625 0.572851609375 0.7404567895833334 0.5772917390625001 0.7519296270833333 0.574805590625 0.7567023604166666 0.5632928390624999 0.7471530375000001 0.542886525 0.7510000666666666 0.4971016 0.7415172645833333 0.4728843109375 0.7325837895833334 0.4608488390625 0.7277844458333332 0.47388598125000003 0.7343781208333334 0.489010146875
3 0.24294081041666665 0.400056965625 0.22159934583333335 0.40042948125000005 0.21308216041666667 0.4081977796875 0.21293581250000002 0.41658192656250004 0.21737594166666666 0.424124053125 0.22646906666666666 0.4270131828125 0.23791529791666666 0.426051425 0.24006884166666667 0.43363346406250003 0.24609988125 0.4373380046875 0.2796497708333333 0.43599042656250003 0.33583934375 0.447201040625 0.36151450208333336 0.4604682109375 0.40017358750000004 0.4719848203125 0.420819375 0.4678146328125 0.41201894375 0.448157209375 0.37868192083333335 0.43730966562500007 0.3568177375 0.423975975 0.31735654375 0.41475925468749997 0.29390145 0.405263146875 0.26722462083333337 0.4057287921875 0.24294081041666665 0.400056965625