9 0.32240225833333336 0.175855078125 0.3179820875 0.181603421875 0.11011328958333334 0.1682081859375 0.08160212708333334 0.38069160156250004 0.31912628125 0.3888999921875 0.32240225833333336 0.175855078125
9 0.48771458958333336 0.3728755828125 0.5141245416666667 0.36503709687499997 0.520111875 0.3739403625 0.5300678208333334 0.2510373453125 0.51607684375 0.17007602500000002 0.39452675625 0.17728792499999999 0.3203139770833333 0.1744965421875 0.3158808770833333 0.3862483546875 0.48771458958333336 0.3728755828125
9 0.6635314270833333 0.693025075 0.6910002291666667 0.5483286765625001 0.5191461541666667 0.5289816765625 0.46316037916666664 0.6777331296875 0.6635314270833333 0.693025075
9 0.8504363041666667 0.7097943328125 0.8740805708333333 0.5321108390625 0.6878734479166667 0.5468971671875 0.6672802999999999 0.692076721875 0.8504363041666667 0.7097943328125
9 0 0.8036355828125 0.19186956875 0.8171183375 0.20128041458333332 0.7574857390624999 0.14532618541666667 0.743859490625 0.11887840416666666 0.7347302499999999 0 0.733029190625 0 0.8036355828125
9 0.6135446333333333 0.2311360375 0.5923919916666667 0.225822971875 0.5673512583333333 0.22789000937499998 0.5539493104166666 0.2556481828125 0.5323634979166667 0.355537771875 0.72908154375 0.35118460625000003 0.7378208666666667 0.227432340625 0.7236494666666666 0.21304320781250002 0.68785660625 0.22392133125 0.65097324375 0.22898283749999998 0.6135446333333333 0.2311360375
9 0.5339839583333333 0.3575649703125 0.5147116333333334 0.46814043906249997 0.5252446354166667 0.4813172359375 0.5949754895833334 0.4728239484375 0.7160260854166667 0.47176358125 0.72210538125 0.42148755781249997 0.72423544375 0.3518007328125 0.6480227458333334 0.352185221875 0.5772013916666666 0.354861890625 0.5339839583333333 0.3575649703125
9 0.73702079375 0.34887250625 0.8339580895833334 0.3432476921875 0.9244441104166667 0.3429095328125 0.9325107729166666 0.2784231953125 0.9335656208333333 0.20961747968750002 0.91780433125 0.206596596875 0.8840294041666666 0.2166598578125 0.8433751541666666 0.22145638124999997 0.78547164375 0.22025747187500003 0.7345646583333333 0.21668021718750002 0.7364246083333333 0.2646441390625 0.7352933333333334 0.2999612296875 0.7305542291666666 0.34746143281249997 0.73702079375 0.34887250625
9 0.8124232625 0.34747441874999996 0.7669076270833333 0.3461893453125 0.7309669875 0.351317096875 0.7231653104166667 0.41390872500000003 0.7175140541666667 0.474738134375 0.8676412541666667 0.469981003125 0.92068338125 0.465098315625 0.9232262 0.399267153125 0.9214834541666667 0.3436581484375 0.8751575916666667 0.3413594765625 0.8124232625 0.34747441874999996
9 0.04565902291666667 0.5614596265625 0.07071503958333333 0.5660903171875 0.09805397708333333 0.5680114359374999 0.13630810416666667 0.5735695609375 0.19933798333333333 0.5789553625 0.23879981458333335 0.582685025 0.27201933749999996 0.447259690625 0.23998207708333333 0.45170507187500003 0.21882943333333332 0.4463920078125 0.18475895208333334 0.4449545265625 0.15660978541666667 0.4420198078125 0.12591272083333332 0.44368937031250005 0.08670058541666667 0.431367271875 0.07893968541666667 0.45282519375 0.08059071875 0.46824784375000006 0.07067939166666666 0.49146798281250004 0.058087675 0.52023975625 0.04565902291666667 0.5614596265625
9 0.22725781666666667 0.6584071218750001 0.23874374999999998 0.61712100625 0.24579633958333333 0.58030668125 0.19920549166666665 0.5799027156250001 0.12418520833333332 0.571761015625 0.08095249166666667 0.5677663703125 0.045261547916666665 0.5643016890625 0.03443807083333333 0.6008510312500001 0.023334325 0.632597359375 0.018518795833333334 0.6466089375 0.13554880625000001 0.6538760203125 0.18928395833333334 0.6576520109375 0.22725781666666667 0.6584071218750001
9 0.3935234166666667 0.5859042015625 0.4254281854166667 0.5824061765625 0.44424189583333334 0.44788186874999997 0.41516529375 0.45157862968750007 0.334916725 0.453592846875 0.27539275208333336 0.4503667359375 0.26509923541666663 0.48312666406250004 0.25804664791666665 0.519940990625 0.24202545208333334 0.5800416984375001 0.27421048750000004 0.581346690625 0.31676546666666666 0.5833803828125 0.3935234166666667 0.5859042015625
9 0.4171831791666667 0.627746690625 0.42448546458333336 0.58233993125 0.3610733979166667 0.5864939203125 0.24768178333333332 0.5804391718749999 0.24115915625 0.61346408125 0.23008598333333333 0.6586058578125 0.24948567083333334 0.6628390765625001 0.26860509166666663 0.6622692765625 0.3072566916666667 0.664985340625 0.36355502500000003 0.670854778125 0.4088056791666667 0.674034559375 0.4171831791666667 0.627746690625