10 0.4515132416666667 0.6895470625 0.47295076875 0.6584283953125001 0.47551776041666666 0.61044155 0.44433081041666667 0.541155596875 0.427276325 0.5229530312499999 0.39416962291666663 0.5134718609375 0.34855952291666664 0.530081465625 0.3074376875 0.5725903031249999 0.3194619 0.6282961625000001 0.3237836208333333 0.694271690625 0.412436825 0.709039325 0.4515132416666667 0.6895470625
10 0.47121950625 0.7734155015625 0.5338636520833333 0.8134407171875001 0.5953594270833332 0.8281860078125 0.6650792645833333 0.8076913578125 0.7021511416666667 0.7343511625 0.6527408958333333 0.66001496875 0.6095516916666667 0.6302817703125 0.5680952583333333 0.61925233125 0.5129037916666667 0.6290718875 0.47629065833333334 0.6590477046875 0.46647991875 0.67393984375 0.4654163333333334 0.7623126375 0.47121950625 0.7734155015625
10 0.7485750166666667 0.68948320625 0.7099997333333333 0.722437453125 0.6635554208333333 0.8057376625 0.7142381854166667 0.8084511265625001 0.7846257 0.7613421640625 0.8175439104166667 0.7156410140625 0.8156854708333333 0.6601490421875 0.8073357437500001 0.6586007703125001 0.7485750166666667 0.68948320625
10 0.81512301875 0.76198381875 0.8349534291666667 0.74894960625 0.86526225625 0.694408940625 0.8933795645833332 0.6645288921875 0.8941100708333334 0.6563086874999999 0.8724007791666666 0.65228318125 0.8349314770833334 0.6536909921875 0.8182948541666666 0.66898855625 0.8113857020833334 0.6894321265625 0.8144962229166667 0.711733625 0.7838951916666667 0.7695623703125001 0.81512301875 0.76198381875
10 0.6838650145833333 0.7109068187500001 0.71907996875 0.7157655171874999 0.7520610083333333 0.6884584734375 0.7964394645833334 0.666607090625 0.8236173333333333 0.628197184375 0.82704049375 0.60877834375 0.8160813833333334 0.5983905593750001 0.7295364270833333 0.5790004546875 0.6532200770833333 0.5782183390625 0.6321580270833334 0.586010775 0.63149035 0.6126250875 0.64649941875 0.6538442296875 0.6838650145833333 0.7109068187500001
10 0.4125390208333333 0.5168780578125001 0.4289462708333333 0.523262684375 0.44433081041666667 0.541155596875 0.4535367083333333 0.571271875 0.49470093541666665 0.5855893953125 0.4971013875 0.57767884375 0.4742641645833333 0.5099411609375 0.5000642916666667 0.46793351562499996 0.5369696291666667 0.434669615625 0.5313125541666667 0.4219227109375 0.5121498208333334 0.40834261562499996 0.4873928416666667 0.4004097171875 0.41685922708333334 0.4491627203125 0.40594250833333334 0.49560129531249997 0.4125390208333333 0.5168780578125001
10 0.6898536520833333 0.50981026875 0.6725902333333333 0.4748576375 0.5814941854166666 0.41117419218749995 0.5664646770833334 0.40838730468750006 0.5393700791666666 0.42675906562500004 0.5563412958333332 0.46499977968749995 0.6517999437499999 0.5177942437499999 0.6769119541666666 0.540833165625 0.6920875645833333 0.5419760140625 0.68672269375 0.5259410250000001 0.6898536520833333 0.50981026875
10 0.9236051208333333 0.6300263765625 0.9295748333333334 0.6010529453125 0.92544160625 0.5902597359375 0.883066175 0.53226818125 0.8306725854166667 0.6061095703125 0.8251411770833333 0.6301508796874999 0.81155224375 0.6493558312500001 0.81618660625 0.673611025 0.8399413125 0.6546199546875 0.8959261166666667 0.6549743015625 0.9236051208333333 0.6300263765625
10 0.7260080458333333 0.523198828125 0.744586375 0.5433550890625 0.7524145291666666 0.5698736328125 0.8142025041666667 0.581330840625 0.8469541729166666 0.5757059828125 0.8453675 0.5553581828125 0.8196082520833333 0.5205013187499999 0.7879830020833333 0.4561474875 0.77593835 0.43887388281249995 0.7596772 0.4308452171875 0.6878491104166666 0.45596233750000004 0.67549181875 0.4804090703125 0.6842594104166667 0.5154574703125 0.7260080458333333 0.523198828125
10 0.8751327979166666 0.4305291765625 0.8589549208333334 0.4024623625 0.8605620333333334 0.38437791093749996 0.8472024708333333 0.38190067656250004 0.7909882958333333 0.4032285203125 0.7479875833333334 0.42867763906249995 0.7675886208333333 0.4373256125 0.8113417958333333 0.4989149015625 0.8570147250000001 0.5006994031249999 0.8725658041666667 0.47851602031249996 0.8751327979166666 0.4305291765625
10 0.5730816291666667 0.391231815625 0.5813480854166666 0.412818234375 0.6084222416666666 0.43287872656250004 0.6566212854166668 0.46354089062500003 0.6717968958333334 0.46468373593749995 0.7458165020833333 0.4149060015625 0.6873888541666666 0.3656358484375 0.5876508770833334 0.3036922140625 0.5730816291666667 0.391231815625
0 0.46355335 0.30574806875 0.45555865833333337 0.3193058203125 0.45409764583333334 0.33574623125 0.4633868104166667 0.34582436250000004 0.507598725 0.364049275 0.5741043354166667 0.379723528125 0.5848749541666667 0.3349289953125 0.47735121666666663 0.30329317968749997 0.46355335 0.30574806875
10 0.5341513104166666 0.4090800375 0.531395825 0.4018845640625 0.47194546875000004 0.3641226984375 0.4665805979166667 0.34808771250000003 0.43900530416666667 0.3145652375 0.3433377270833333 0.24502070781250002 0.32198347083333334 0.256101225 0.32290247083333334 0.3030633375 0.39118325 0.3942677109375 0.46349203333333333 0.421044828125 0.4890627875 0.4007193703125 0.5341513104166666 0.4090800375
10 0.2852461854166667 0.382979696875 0.283931275 0.397776065625 0.29514171250000004 0.48174027500000005 0.30747856458333334 0.49572579843750003 0.32250807291666667 0.4985126859375 0.4039175291666667 0.4801856171875 0.4228917708333333 0.4385833953125 0.43727404374999995 0.42955234062500003 0.42362227708333333 0.43036319062499995 0.42218170416666667 0.408371346875 0.3864656166666667 0.390050665625 0.3435057791666667 0.338635278125 0.32899784583333336 0.31087811875 0.32231806458333334 0.30963950156250003 0.29418031875 0.377951803125 0.2852461854166667 0.382979696875
7 0.36569425 0.2608641546875 0.42927783541666664 0.309419228125 0.43929750833333336 0.3112771546875 0.44272066875 0.291858315625 0.46052610208333333 0.2634084234375 0.4821725604166666 0.24903982187499998 0.48240193125 0.22735763593749997 0.46280089166666666 0.21870966093750002 0.44340878333333333 0.22681175156250002 0.4179212979166667 0.2270990609375 0.3959826395833333 0.2447557421875 0.37172679583333335 0.2502848296875 0.36569425 0.2608641546875
10 0.7487370145833334 0.2483343140625 0.7135848895833333 0.2618697203125 0.691061825 0.2861025671875 0.6817522208333333 0.3144566890625 0.6857393479166666 0.326893940625 0.7382177208333334 0.3667052703125 0.74045163125 0.3988710140625 0.7799459145833333 0.41287888125 0.8234477645833334 0.4008917453125 0.85221230625 0.3828296390625 0.8605824729166667 0.34594565781250003 0.8758413520833332 0.327050359375 0.8774484666666668 0.30896590625 0.8659882208333334 0.28511613750000003 0.8390601624999999 0.263411603125 0.7845363708333333 0.246616846875 0.7487370145833334 0.2483343140625