7 0.5916096187500001 0.6450198281249999 0.5964627229166666 0.645578215625 0.6026881020833332 0.6285792984375 0.5952243104166667 0.6256447703125 0.5918588979166667 0.6255099421875 0.5850985104166667 0.612857278125 0.5753133604166667 0.6005581203125 0.5437101187500001 0.586792059375 0.49204977291666663 0.567022378125 0.4896570520833333 0.567826509375 0.47968263125 0.58247408125 0.47693964791666665 0.590013809375 0.4827493770833333 0.60802665 0.5687506895833334 0.645116134375 0.58541065625 0.6405874984375 0.5886745520833333 0.6405874984375 0.5916096187500001 0.6450198281249999
7 0.46359702708333334 0.5502624859374999 0.4695896708333333 0.554878059375 0.4736927979166667 0.5576290312500001 0.4794003333333333 0.55907855625 0.4883328708333333 0.55944979375 0.4958543020833333 0.5532514328125 0.5130332750000001 0.5175042828125 0.5177211666666667 0.513855915625 0.5293969916666666 0.4998878453125 0.5341129124999999 0.4916207453125 0.5355399083333333 0.4826264359375 0.5339099416666666 0.473572284375 0.5359227437499999 0.4706793921875 0.5366683041666668 0.4631775453125 0.5305295854166666 0.4581551359375 0.52548934375 0.4573679046875 0.5194787770833333 0.4634318421875 0.5086072104166667 0.4662295046875 0.5002138854166667 0.47132742812500006 0.4733199791666667 0.5148899453125 0.46238693541666664 0.5298950828125 0.45921399791666667 0.5373979875 0.4591548729166667 0.5446745749999999 0.46359702708333334 0.5502624859374999
7 0.5068359375 0.68359375 0.50830078125 0.6748046875 0.51708984375 0.6708984375 0.51904296875 0.66796875 0.54052734375 0.67041015625 0.55615234375 0.68017578125 0.5595703125 0.6796875 0.57373046875 0.669921875 0.58642578125 0.65625 0.58349609375 0.650390625 0.5654296875 0.65185546875 0.5615234375 0.64794921875 0.54931640625 0.642578125 0.5439453125 0.64599609375 0.5283203125 0.64501953125 0.52490234375 0.6416015625 0.47412109375 0.6435546875 0.45068359375 0.64599609375 0.4453125 0.64794921875 0.4443359375 0.650390625 0.4443359375 0.66162109375 0.44970703125 0.671875 0.4580078125 0.67138671875 0.48291015625 0.67724609375 0.49267578125 0.68359375 0.5029296875 0.68603515625 0.50537109375 0.68603515625 0.5068359375 0.68359375
0 0.44140625 0.546875 0.4365234375 0.53662109375 0.4326171875 0.53271484375 0.42578125 0.53173828125 0.42236328125 0.53564453125 0.41064453125 0.5380859375 0.39453125 0.52880859375 0.38720703125 0.54052734375 0.38134765625 0.5625 0.380859375 0.56982421875 0.3837890625 0.57861328125 0.388671875 0.58203125 0.3955078125 0.58056640625 0.4013671875 0.57666015625 0.4345703125 0.576171875 0.439453125 0.5634765625 0.44140625 0.546875
7 0.49365234375 0.48828125 0.4970703125 0.4765625 0.49072265625 0.46923828125 0.4638671875 0.46728515625 0.40234375 0.49609375 0.39697265625 0.49951171875 0.39111328125 0.50732421875 0.3916015625 0.51806640625 0.3984375 0.5302734375 0.43115234375 0.5322265625 0.45166015625 0.52099609375 0.4658203125 0.51708984375 0.478515625 0.50732421875 0.4873046875 0.49365234375 0.49365234375 0.48828125
7 0.54931640625 0.63427734375 0.5556640625 0.6416015625 0.5634765625 0.646484375 0.5849609375 0.63720703125 0.59130859375 0.62890625 0.58837890625 0.61572265625 0.57373046875 0.59619140625 0.564453125 0.5771484375 0.54052734375 0.5400390625 0.52880859375 0.53076171875 0.51513671875 0.52392578125 0.5087890625 0.51708984375 0.50927734375 0.5126953125 0.5029296875 0.50390625 0.49560546875 0.50341796875 0.48681640625 0.50927734375 0.486328125 0.51904296875 0.49462890625 0.52978515625 0.5009765625 0.56396484375 0.513671875 0.5830078125 0.51953125 0.595703125 0.5361328125 0.61572265625 0.54248046875 0.630859375 0.54931640625 0.63427734375
0 0.63330078125 0.55322265625 0.61865234375 0.546875 0.61474609375 0.546875 0.60400390625 0.5537109375 0.59814453125 0.560546875 0.5966796875 0.568359375 0.6025390625 0.58544921875 0.646484375 0.62939453125 0.6591796875 0.62841796875 0.67431640625 0.61572265625 0.6787109375 0.60546875 0.6787109375 0.595703125 0.63330078125 0.55322265625
7 0.54931640625 0.7587890625 0.55126953125 0.71337890625 0.55517578125 0.69775390625 0.55712890625 0.67431640625 0.55517578125 0.6630859375 0.544921875 0.64892578125 0.5458984375 0.63671875 0.54296875 0.63232421875 0.53515625 0.6298828125 0.52685546875 0.6318359375 0.52294921875 0.64697265625 0.51416015625 0.654296875 0.50927734375 0.66259765625 0.5048828125 0.6875 0.49853515625 0.74658203125 0.49609375 0.75390625 0.4970703125 0.771484375 0.50048828125 0.7763671875 0.51318359375 0.7744140625 0.5419921875 0.78076171875 0.54638671875 0.775390625 0.54931640625 0.7587890625
0 0.4755859375 0.5927734375 0.47314453125 0.587890625 0.47216796875 0.578125 0.46923828125 0.57470703125 0.41845703125 0.5771484375 0.3779296875 0.58349609375 0.375 0.58642578125 0.3681640625 0.58837890625 0.3681640625 0.59912109375 0.36962890625 0.61962890625 0.3798828125 0.625 0.42041015625 0.6240234375 0.47412109375 0.6171875 0.4755859375 0.5927734375
7 0.48810183125 0.7328447421875001 0.5006611666666667 0.7333874546875 0.50355386875 0.6986623390625 0.5032085916666666 0.6889349499999999 0.4746724958333333 0.6755806921875 0.45371476875 0.670590996875 0.44226205625 0.6744532546875 0.43462087083333334 0.6847651921875 0.43214047916666665 0.6992603749999999 0.43429001458333333 0.7106548140625 0.44346879791666666 0.7199540734375 0.4585660125 0.7234747171875 0.48810183125 0.7328447421875001
7 0.608493425 0.63601961875 0.6027577541666667 0.6377506234375 0.5563534229166667 0.6868004203125 0.5506902166666666 0.721961696875 0.5497579395833333 0.7533282984375 0.5660718125 0.7508107546875 0.5785425604166666 0.74079665625 0.5787929270833333 0.734961653125 0.5822877208333334 0.7364139734374999 0.6299960270833334 0.69321228125 0.6436915770833332 0.675811084375 0.6418976625 0.66750191875 0.608493425 0.63601961875
7 0.5940806666666667 0.563836446875 0.5739261354166667 0.5399332546875 0.5415290916666666 0.50313854375 0.5196128 0.51884013125 0.5137261375000001 0.5216912437500001 0.5291302604166667 0.5315572515625 0.5401379791666667 0.5399090375 0.55356743125 0.5599640906250001 0.56619455625 0.5794468562499999 0.5742734416666667 0.5977816515625001 0.5863212104166667 0.60828274375 0.6027223583333333 0.6263353 0.6022352145833333 0.6294083046875001 0.6101573395833333 0.636983403125 0.6297966645833333 0.6215666046874999 0.6222396812500001 0.6106250203125 0.6198065833333334 0.6124805890625 0.6053388562500001 0.5914106546875 0.5940806666666667 0.563836446875
7 0.5606212645833334 0.5227777031249999 0.586682325 0.5539660843750001 0.5952863666666667 0.564710990625 0.5969478583333333 0.5616023453125 0.6028131458333333 0.5554244328125 0.6084578500000001 0.55117958125 0.61459716875 0.54756926875 0.6205948479166667 0.5475706078125 0.62253975 0.5462301390625 0.6263501625 0.54117265625 0.6253354979166666 0.5344236687499999 0.6157478291666667 0.5200800265625001 0.5878896250000001 0.4865318390625 0.5794155916666667 0.4758025609375 0.5662910208333333 0.46878723750000006 0.5571564020833333 0.46662566562499996 0.5545661958333333 0.4650732140625 0.5552729666666667 0.4632444015625 0.5499953166666667 0.457961421875 0.5439586791666666 0.45902838749999997 0.5388806520833334 0.46285750312499996 0.5365454041666666 0.4675369390625 0.5397836458333334 0.47328033906250006 0.5414172520833334 0.47179872187500005 0.5437959041666667 0.47496882031250004 0.5415135666666667 0.48401799843750004 0.5416922229166666 0.49524078437499996 0.5439599229166666 0.500357115625 0.5606212645833334 0.5227777031249999
7 0.6464169125 0.629680209375 0.6224742229166667 0.7009938890625 0.6206709354166667 0.7084300703124999 0.6210517479166667 0.7118342281250001 0.6222485145833333 0.7150095640624999 0.62954140625 0.721435934375 0.6392144562500001 0.7267864546875 0.6471205520833333 0.729289225 0.6558047145833333 0.729639684375 0.6624491604166667 0.7269797515625 0.6706078270833333 0.7015060421875 0.6833762624999999 0.66200053125 0.6913493645833333 0.6434032125 0.6926178791666667 0.6318386140625 0.6909716958333333 0.6236881640624999 0.6853628395833333 0.6164747171875 0.6855672520833332 0.6151113140625 0.6873465416666666 0.614445084375 0.6873465416666666 0.6125195296875 0.6901288083333333 0.6053242671875 0.6900954499999999 0.6019495375 0.687036525 0.5977166484375 0.6834528479166667 0.5956588390625 0.6780360395833332 0.59394806875 0.6789968354166667 0.602465165625 0.6776587374999999 0.6069890499999999 0.6762027229166667 0.61331334375 0.6692786583333333 0.62049545625 0.6587950166666666 0.6281533546875 0.6547021958333333 0.6288784890625 0.6464169125 0.629680209375
7 0.54954223125 0.7754624531250001 0.5616093666666667 0.77144536875 0.5819869104166667 0.7646954203125 0.5970564083333334 0.763271328125 0.6189544895833333 0.7582414749999999 0.6277638979166666 0.7541329875 0.6272644770833333 0.7434865 0.6202729541666667 0.720131965625 0.6146275208333333 0.711650559375 0.6000291166666667 0.7218571546875 0.5830169479166667 0.7366849875 0.5800575458333334 0.73649363125 0.5786036979166667 0.740724565625 0.5678645062500001 0.75092003125 0.54963656875 0.7532586218749999 0.54954223125 0.7754624531250001