1 0.39056708958333336 0.32452141874999996 0.40497077291666667 0.320517375 0.41794110624999997 0.3002764015625 0.4276577125 0.2640734890625 0.44206139791666665 0.2600694453125 0.48820765208333333 0.26041104531250003 0.5142613625 0.2838976921875 0.5163317645833333 0.30735103750000003 0.5461631916666666 0.29004743906249997 0.6039371916666667 0.2758353703125 0.6325168104166666 0.2861433078125 0.6478075729166667 0.3130840140625 0.6751815874999999 0.2888389953125 0.6917241666666667 0.28816816562500003 0.7201668020833334 0.3387163640625 0.7228742479166667 0.369386121875 0.7391205791666666 0.4071514484375 0.7468798375 0.4114637890625 0.7737075770833334 0.4019265890625 0.7887483104166667 0.405138959375 0.7915242458333334 0.41568858750000004 0.7673131833333334 0.43397130937500006 0.7647872770833334 0.4471500171875 0.7834687458333334 0.449812403125 0.8245409104166667 0.4344670578125 0.8433816375000001 0.43893354531249995 0.8549169625 0.548708859375 0.8881151645833333 0.6113357953125 0.8901855645833333 0.6347891375 0.8681133958333334 0.6564050734375 0.8859300645833332 0.670167071875 0.89013935625 0.6969536296875 0.8836541916666667 0.70707411875 0.7697431708333333 0.7590170781250001 0.8979436895833334 0.739650565625 0.96343358125 0.6860927953125 0.9756284645833334 0.45340054218750003 0.9656202770833333 0.340028525 0.92404805 0.3079172 0.8998831958333333 0.26403543125 0.7775885625 0.1399131328125 0.42706590833333335 0.19286456875 0.4405372708333333 0.2219082828125 0.3709077708333333 0.2689900515625 0.3630800229166667 0.28479784218750004 0.3791670958333333 0.3207590640625 0.39056708958333336 0.32452141874999996
1 0.8439757729166666 0.2158080171875 0.9046387645833334 0.2761141671875 0.9164480520833334 0.3054089640625 0.9664165854166666 0.34904904375 0.9457125770833333 0.11451560624999998 0.8446821375 0.1297776921875 0.8338960833333334 0.16431399687499998 0.8199701833333334 0.17373034999999998 0.8439757729166666 0.2158080171875
1 0 0.634991328125 0.09909187500000001 0.860328503125 0.5548530270833333 0.7914792921875 0.4624435791666667 0.7835011109375001 0.18668088958333331 0.794080234375 0.10285317499999999 0.784805659375 0.09761982291666667 0.7673146109375 0.07140685000000001 0.7420238578125 0 0.5801009515625 0 0.634991328125
1 0 0.28880797812500003 0.02037300208333333 0.331084128125 0.045630404166666666 0.345550259375 0.04874714583333333 0.40175245625 0.060465662499999996 0.40912301875 0.07025076041666667 0.3527999765625 0.17100806458333334 0.34489179999999997 0.16552467916666666 0.3036724140625 0.20177278333333334 0.2963684625 0.32778028958333333 0.20786307499999998 0 0.2573789546875 0 0.28880797812500003
10 0.3282119958333333 0.207797859375 0.19845056874999997 0.30052665312500004 0.22227461875 0.29875585312499997 0.29040227291666665 0.25555728437499997 0.32294115208333335 0.26892344375 0.34337449583333335 0.291430965625 0.3564355979166667 0.29311422343750004 0.3657651916666667 0.273423234375 0.44235763958333335 0.22163329062499998 0.4302317666666667 0.1923863203125 0.3282119958333333 0.207797859375
10 0.6372913541666667 0.63277284375 0.6645283895833334 0.6487680828125 0.6514895666666667 0.6891291875000001 0.6428655104166666 0.695916459375 0.6744329645833333 0.7734150421875 0.7488112166666667 0.762179146875 0.7656487729166667 0.7285568390625 0.7923172520833333 0.7172155359375 0.7468319770833334 0.6198814953125 0.7232373312499999 0.457083053125 0.7058984458333334 0.44873336718749995 0.6681484979166666 0.45992051875 0.64355041875 0.4947151640625 0.6428448812499999 0.50761888125 0.62575603125 0.5229975296875 0.6372913541666667 0.63277284375
10 0.7556136458333333 0.7611515437499999 0.8182117020833334 0.73889808125 0.8939393541666667 0.6982077484375 0.8897300625 0.671421190625 0.8719133916666666 0.6576591921875 0.8923244604166667 0.6381223515625 0.8915966395833334 0.6089817046875 0.8801058770833333 0.5832951171875 0.8682280958333333 0.574120453125 0.8603780666666666 0.54788388125 0.84670385 0.43477535156249997 0.8298427520833334 0.4318379765625 0.7309965895833332 0.4613953921875 0.7210299479166667 0.47386996875 0.7283559812499999 0.5568587218750001 0.7382541312500001 0.5645042765625 0.7450116083333334 0.6201564890625 0.7695857541666666 0.6895707 0.76175800625 0.7053784875 0.7556136458333333 0.7611515437499999
10 0.7679502270833333 0.4411877234375 0.7727742875000001 0.43314633125 0.7953242458333333 0.41694270468749994 0.7922297833333333 0.4027848703125 0.7844705270833334 0.3984725296875 0.7482224229166667 0.405776484375 0.7509760791666668 0.37428175 0.7316575645833333 0.3644029515625 0.7097000958333334 0.30373426875 0.6889482291666666 0.2776185375 0.6425057291666667 0.31571309375 0.6571132375000001 0.39760187812500003 0.6837355041666666 0.4484250703125 0.707878075 0.45026247656249996 0.7296540041666667 0.4670826953125 0.7568002687500001 0.46115370312500004 0.7725465354166666 0.4514623578125 0.7679502270833333 0.4411877234375
10 0.5198544958333333 0.68159210625 0.5289117791666667 0.59612841875 0.4632654666666667 0.54205955625 0.3914747979166667 0.5437637484375 0.3697896395833334 0.5488677609375 0.37399893125 0.5756543203125 0.35979906666666667 0.6655511921875 0.3608899666666667 0.78238876875 0.38171032708333336 0.7883843671874999 0.5105694625 0.785371821875 0.5222656999999999 0.7506980203125 0.5198544958333333 0.68159210625
10 0.5220156666666667 0.726969684375 0.5049490958333334 0.7843926953125 0.5626546041666667 0.790300753125 0.6095290895833333 0.783219696875 0.6186082375 0.776363675 0.6342414541666667 0.7027037328125 0.6654839583333333 0.6595927046875001 0.6643691270833333 0.64696398125 0.5650913895833334 0.6089445953125 0.5338950979166667 0.5898911328125 0.5267728854166667 0.5927952046875 0.5293210708333334 0.621660859375 0.5212655708333334 0.655784675 0.5220156666666667 0.726969684375
10 0.6321264958333334 0.5951616625 0.6005209083333334 0.5505757609375 0.5830004791666668 0.49837760781249996 0.5458652979166666 0.4747368140625 0.5218819875 0.47470350781250004 0.4399654145833333 0.4870781734375 0.4353913875 0.5188479015625 0.42289884375 0.544501184375 0.4632654666666667 0.54205955625 0.5209932583333333 0.5900119765625 0.5825895354166666 0.6190983859375 0.6371320937499999 0.6309687375 0.6321264958333334 0.5951616625
10 0.18251780625 0.7051291843749999 0.1974454875 0.6443729578124999 0.19544357708333332 0.600799484375 0.15491768958333332 0.6014370125 0.11250294375 0.6224696578125 0.07625483958333333 0.6297736125 0.04854002291666667 0.6083660609375 0.029312279166666667 0.620411496875 0.028219727083333333 0.6498271359375 0.05452347083333333 0.69704211875 0.07006426666666667 0.7477111625 0.10665317291666666 0.7860597765625 0.13673463541666667 0.792484515625 0.17330126458333334 0.78878876875 0.18251780625 0.7051291843749999
10 0 0.558946146875 0.020028895833333334 0.5779379921875 0.03745855208333333 0.6082119140625 0.034523352083333333 0.5958581828125 0.057847337500000005 0.5466307109375 0.10089912916666667 0.5328144765625 0.09357309583333334 0.44982572187500003 0.07780454583333334 0.41747270625 0.052387883333333336 0.401202471875 0.04927114166666667 0.34500027499999997 0.022034108333333333 0.3290050328125 0 0.2841147859375 0 0.558946146875
10 0.16393947083333332 0.5991600625 0.17019688333333333 0.6073556015625 0.17335983541666666 0.60139330625 0.19702462291666667 0.597818403125 0.20114314375 0.602680728125 0.20635421666666665 0.5781274140625 0.1885375479166667 0.5643654171875 0.15948014791666668 0.5486451671875 0.10279869583333333 0.5334416 0.061248747916666665 0.5433746375 0.04463768125 0.5641655953125 0.0408599625 0.6049558375 0.06777847291666667 0.6173428734375 0.0705544125 0.6278925015625 0.11606361875 0.6210176890625 0.15301725833333332 0.6008100171875 0.16393947083333332 0.5991600625
10 0.35740849375 0.7847428562500001 0.36491772083333335 0.7653268609375 0.3611416520833333 0.6598638890624999 0.3730433625 0.5648296984375001 0.35545444583333335 0.532751675 0.3226878166666667 0.5377015421875 0.3056674541666667 0.5329600609375 0.2891933708333333 0.5135107624999999 0.24058970208333333 0.506227740625 0.22420638541666668 0.5087026734375 0.21487679375 0.5283936609375 0.201313975 0.6255069468750001 0.17951411666666667 0.7128955828125 0.17828458541666667 0.78255148125 0.20306420416666665 0.7916053 0.2584715604166667 0.7923760421875 0.35740849375 0.7847428562500001
10 0.5232707833333333 0.4068517140625 0.6412761958333333 0.3853689921875 0.6495817312500001 0.3749735125 0.6455094229166666 0.30794669531249996 0.6317205020833333 0.277122790625 0.61731681875 0.281126834375 0.5999779354166667 0.272777146875 0.5602483541666667 0.282435190625 0.5423631958333334 0.288793321875 0.5239317604166667 0.309859271875 0.5123725020833334 0.30429281406249997 0.5127595166666666 0.28778089218749997 0.49890210833333337 0.2770771171875 0.4875706041666667 0.2531946328125 0.43264103333333337 0.2578362015625 0.4236984541666667 0.2610152671875 0.41011335416666667 0.3160841921875 0.4223096604166667 0.3288670640625 0.4388745145833333 0.3702405953125 0.40217090625 0.41417660156249997 0.4013968770833333 0.44720044843749995 0.41209133333333337 0.46386651875 0.5232707833333333 0.4068517140625
10 0.6322411958333334 0.51287704375 0.6668059145833334 0.46560782187500005 0.6709929270833332 0.4503500171875 0.6618688041666666 0.40968061718750004 0.6311502979166667 0.3960394640625 0.5785188770833333 0.4058183515625 0.5376744666666667 0.4028476703125 0.45521161875 0.4299301546875 0.4231728041666667 0.464020665625 0.42706357708333337 0.48719901718749997 0.5405634541666667 0.47736589374999994 0.5833190041666667 0.5019858171875 0.5910097708333333 0.5264182828124999 0.6080301333333333 0.531159765625 0.6322411958333334 0.51287704375
10 0.36858403749999996 0.5143148046875 0.4205784083333333 0.4973195046875 0.38515054583333336 0.4094351203125 0.36646907916666666 0.40677273593749996 0.35427277291666665 0.39398986406250003 0.33757093541666666 0.3928565921875 0.31397464166666667 0.376311365625 0.238952525 0.4040979828125 0.23444699166666666 0.4157475796875 0.24423043958333332 0.5056777546875 0.28887484583333334 0.509902553125 0.3094674520833333 0.5342141796875 0.3334507625 0.5342474828125 0.36225813333333334 0.5262393953125 0.36858403749999996 0.5143148046875
10 0.21362498125 0.5560051968749999 0.1852508375 0.48533687031249995 0.16117675416666666 0.463379334375 0.15605810208333332 0.3636036640625 0.12249516666666667 0.35953301249999997 0.11173221875 0.3629870703125 0.09491567708333333 0.44413841718749997 0.09279906666666667 0.48284956718750005 0.10121765208333335 0.5364226828125 0.12053616666666667 0.54630148125 0.15773983958333335 0.5498221484375 0.20975649166666666 0.5748712078125 0.21362498125 0.5560051968749999
10 0.20816552708333333 0.4105769578125 0.2357433625 0.47222476875 0.2635951625 0.4533920625 0.25986365625 0.4320178140625 0.27046734166666664 0.42675965156249995 0.2664173125 0.401777196875 0.29410985 0.3811403859375 0.32917463333333336 0.3813278375 0.3374116729166667 0.3910524875 0.3559338833333333 0.39191076874999997 0.37208944375 0.40775186249999995 0.4055616104166667 0.38989828125 0.402148625 0.37213223906250004 0.37545786458333336 0.341429178125 0.37172635833333334 0.32005493125 0.35707264375 0.3003306375 0.35532076458333334 0.28048550156249996 0.36781331041666665 0.25483221718750004 0.35331885625 0.23691202812499998 0.3150911229166667 0.24268687187500002 0.30544300416666664 0.2587696546875 0.27363194375 0.27454413906249997 0.2517190354166667 0.2979641796875 0.16552467916666666 0.3036724140625 0.16481914166666664 0.31657613125 0.19674325416666666 0.364770240625 0.20816552708333333 0.4105769578125