7 0.07704998958333334 0.3927984015625 0.04545614791666666 0.3618827390625 0.004599020833333333 0.35122966093749997 0.0020264208333333335 0.3483121953125 0.002915054166666667 0.50105535 0.06877630208333334 0.52578909375 0.13385355833333332 0.539692740625 0.16649689375 0.5307360484375 0.18477168541666666 0.50454875625 0.18926623333333334 0.467413415625 0.17819567708333334 0.45134918749999997 0.14660183541666666 0.4204335265625 0.1319815125 0.4175408015625 0.09452707291666668 0.3921455828125 0.07704998958333334 0.3927984015625
7 0.22602278125 0.26400900625 0.23457309791666667 0.3042392046875 0.3077818520833333 0.42200710625 0.35340771666666665 0.449532940625 0.3811776083333333 0.4396120078125 0.38897014375 0.4036430390625 0.39754042291666664 0.39300641718749996 0.34300531458333333 0.2362839828125 0.33567396875 0.22609804531250002 0.3226291041666667 0.22300318749999998 0.23912998333333332 0.23371619531249999 0.22602278125 0.26400900625
7 0.8466050270833333 0.1827982703125 0.837404075 0.1696731890625 0.8111672666666667 0.1619128359375 0.7640506874999999 0.169547440625 0.7543461770833333 0.185098109375 0.6975674583333333 0.2257625375 0.6635804875000001 0.27145030625 0.6259590104166667 0.295351271875 0.5597075979166667 0.3880953140625 0.56821554375 0.4108463578125 0.6040945270833333 0.4364437078125 0.6291547333333334 0.43163895312499995 0.6586047854166667 0.40560737343750003 0.6824460229166667 0.3707583625 0.7187861958333334 0.3502008046875 0.7929572541666666 0.27392525624999997 0.8159160395833334 0.22965241249999999 0.8459120208333334 0.1924242328125 0.8466050270833333 0.1827982703125
7 0.6124130291666667 0.4401449609375 0.59764563125 0.43568159843750004 0.5608841979166667 0.40066041874999997 0.5622702083333333 0.3814084953125 0.5873927479166666 0.3432160734375 0.5817839312499999 0.334398640625 0.5201317729166667 0.3740988265625 0.531391775 0.4092128453125 0.5285773854166667 0.43023753906250006 0.4554558145833333 0.46664073593750005 0.43797873541666665 0.46729355312500004 0.44033193541666665 0.492423765625 0.4349125666666666 0.5026561234375 0.41249971041666667 0.535732365625 0.39033863333333335 0.5544707328125 0.40199748750000003 0.5768175125 0.4146011291666667 0.5752004546875 0.43676220833333335 0.5564620890625 0.5168162666666667 0.54301206875 0.5415399541666667 0.5175868859375 0.5970373666666667 0.480265865625 0.63619193125 0.43868361718750004 0.6341752479166666 0.43417383281250005 0.6124130291666667 0.4401449609375
7 0.6988312458333333 0.3924987453125 0.6774678770833333 0.38570263437499996 0.6365907854166667 0.42591637968749996 0.63589778125 0.43554234062499997 0.6581435979166667 0.4517622796875 0.668227 0.47431119062500005 0.70681566875 0.49479236249999997 0.71631076875 0.511058721875 0.75470999375 0.5124901015625001 0.8063858979166666 0.5535452828125 0.8357736166666666 0.5609013703125 0.8621151270833334 0.5527532078124999 0.8862505125 0.521045471875 0.8856198416666667 0.4972837671875 0.8657895604166667 0.47280637031249995 0.8177481583333334 0.45353799375000003 0.7864484666666667 0.42576360781249994 0.7290590416666666 0.391799509375 0.6988312458333333 0.3924987453125
7 0.7479420979166667 0.3210279484375 0.7031163833333333 0.38718043125 0.70685559375 0.393058721875 0.73437370625 0.397475665625 0.7865955416666667 0.4273342453125 0.8372618875000001 0.40652813906249996 0.8765211520833333 0.34903737343749996 0.9332575020833332 0.29089379375 0.9498097624999999 0.26333799375 0.8819380812500001 0.219592221875 0.8234991645833334 0.2255004734375 0.8000991541666667 0.265061403125 0.7479420979166667 0.3210279484375
7 0.19274877708333332 0.249203990625 0.17747782083333333 0.27341638125 0.17464346874999997 0.34530789687499996 0.16508603333333335 0.362429203125 0.15931017916666665 0.40290795468749996 0.16569673958333334 0.43705773125 0.19674465416666667 0.4791699921875 0.21407466041666667 0.47694653750000005 0.22751838124999998 0.46727415624999996 0.25879566875 0.42670256718750005 0.2800319229166667 0.3810612203125 0.25583176041666666 0.3269438296875 0.22606515208333333 0.281488159375 0.21638060416666666 0.24617200781249998 0.19274877708333332 0.249203990625
7 0.6424937520833333 0.4378750875 0.6328939458333332 0.4375172421875 0.6070360291666667 0.46785647187499996 0.6069313229166667 0.4837649875 0.6158804958333334 0.5112279484375 0.6237178416666667 0.611950928125 0.6310491895833333 0.622136865625 0.6436528291666667 0.620519809375 0.6555634666666666 0.6285287125 0.6660033520833333 0.6208312328125001 0.6821991291666667 0.6235218265625 0.6906223333333333 0.6113145640625001 0.6942543958333334 0.5138885734375 0.685305225 0.4864256125 0.6698024541666666 0.47410905937500003 0.6597190520833334 0.451560146875 0.6424937520833333 0.4378750875
7 0.9222293166666666 0.29230871875000003 0.8613549041666667 0.3573412484375 0.8460839458333334 0.38155363750000004 0.8504114583333333 0.39371448125 0.8830971604166666 0.4022369421875 0.9216858291666666 0.4227181125 0.9812166020833334 0.394416659375 0.9966254416666666 0.371676740625 0.9918078979166667 0.32022941562499996 0.9375426416666667 0.28557548125 0.9222293166666666 0.29230871875000003
8 0.6558902145833333 0.1722979640625 0.6842484083333333 0.168659584375 0.6866639437500001 0.1604021296875 0.6962637479166667 0.16075997343749998 0.6878181354166667 0.10462126249999999 0.69382580625 0.10067145625 0.6925021291666666 0.0865357109375 0.6817680958333334 0.0910919140625 0.6786595541666667 0.10897533125 0.6671477729166667 0.0881991890625 0.6480952375 0.08905413749999999 0.41236526875 0.1256565234375 0.4244030166666667 0.1861028859375 0.43444404583333335 0.1911726453125 0.43375104166666667 0.200798609375 0.4528035791666667 0.199943659375 0.5378781541666666 0.18902851874999999 0.5405878395833333 0.183912340625 0.5772645333333333 0.1839752140625 0.57820931875 0.1600113765625 0.5851418104166667 0.18296455312499998 0.6527393041666667 0.172702228125 0.6511214791666667 0.15542520625 0.6558902145833333 0.1722979640625
8 0.50908118125 0.307167778125 0.5459049479166667 0.308801290625 0.6195101145833333 0.2945891625 0.6621521083333334 0.2732230765625 0.6859933437500001 0.2383740640625 0.6838495541666667 0.1814268234375 0.4412294625 0.21255518593749997 0.45898073125 0.2659104671875 0.4795463875 0.29824105312500004 0.50908118125 0.307167778125
7 0.3528569020833333 0.22230395 0.34542085 0.22802652812500002 0.34546322083333336 0.24550568125 0.37447448958333335 0.3339749796875 0.4090098354166667 0.39630340625 0.42213944166666667 0.43435657031249997 0.44442762916666667 0.4680556625 0.46318601666666664 0.4640594375 0.5330096 0.4264898671875 0.5286397208333333 0.3968498734375 0.4969611354166667 0.3309759046875 0.4961833895833333 0.3056435609375 0.45425436666666663 0.2665168640625 0.4207485458333334 0.2151829046875 0.3528569020833333 0.22230395